<?xml version="1.0" encoding="UTF-8"?>
<BorderFile Version="3" Structure="CORTEX_RIGHT" SurfaceNumberOfVertices="32492">
    <MetaData>
        <MD>
            <Name>ParentProvenance</Name>
            <Value>100307.R.white.32k_fs_LR.surf.gii:
/DATA/232/lqcheng/software/workbench/bin_rh_linux64/../exe_rh_linux64/wb_command -surface-resample /DATA/232/lqcheng/Human/HCP/05_subjects/100307/MNILinear/Native/100307.R.white.native.surf.gii /DATA/232/lqcheng/Human/HCP/05_subjects/100307/MNILinear/Native/100307.R.sphere.reg.reg_LR.native.surf.gii /DATA/232/lqcheng/Human/HCP/05_subjects/100307/MNILinear/fsaverage_LR32k/100307.R.sphere.32k_fs_LR.surf.gii BARYCENTRIC /DATA/232/lqcheng/Human/HCP/05_subjects/100307/MNILinear/fsaverage_LR32k/100307.R.white.32k_fs_LR.surf.gii

100307.R.BN_Atlas.32k_fs_LR.label.gii:
/DATA/232/lqcheng/software/workbench/bin_rh_linux64/../exe_rh_linux64/wb_command -label-resample /DATA/232/lqcheng/Human/HCP/05_subjects/100307/MNILinear/Native/100307.R.BN_Atlas.native.label.gii /DATA/232/lqcheng/Human/HCP/05_subjects/100307/MNILinear/Native/100307.R.sphere.reg.reg_LR.native.surf.gii /DATA/232/lqcheng/Human/HCP/05_subjects/100307/MNILinear/fsaverage_LR32k/100307.R.sphere.32k_fs_LR.surf.gii BARYCENTRIC /DATA/232/lqcheng/Human/HCP/05_subjects/100307/MNILinear/fsaverage_LR32k/100307.R.BN_Atlas.32k_fs_LR.label.gii -largest

</Value>
        </MD>
        <MD>
            <Name>ProgramProvenance</Name>
            <Value>Connectome Workbench
Type: Command Line Application
Version: 1.2.3
Qt Compiled Version: 4.8.4
Qt Runtime Version: 4.8.4
Commit: c170db0277de04cb8a5c04fdf96e45adcda47d6d
Commit Date: 2016-08-23 19:08:10 -0500
Compiled with OpenMP: YES
Compiler: g++44 (/usr/bin)
Compiler Version: 4.4.7
Compiled Debug: NO
Operating System: Linux
</Value>
        </MD>
        <MD>
            <Name>Provenance</Name>
            <Value>/DATA/232/lqcheng/software/workbench/bin_rh_linux64/../exe_rh_linux64/wb_command -label-to-border 100307.R.white.32k_fs_LR.surf.gii 100307.R.BN_Atlas.32k_fs_LR.label.gii 100307.R.BN_Atlas.32k_fs_LR.border</Value>
        </MD>
        <MD>
            <Name>WorkingDirectory</Name>
            <Value>/DATA/232/lqcheng/Human/HCP/05_subjects/BN_Atlas_freesurfer6.0/100307/fsaverage_LR32k</Value>
        </MD>
    </MetaData>
    <Class Name="100307_R_BN_Atlas" Red="0" Green="0" Blue="0">
        <Border Name="R_A8m_R" Red="0" Green="0" Blue="1">
            <BorderPart Closed="True">
                <Vertices>1762 1761 1873
1873 1761 1872
1873 1872 1761
1927 1872 1926
1927 1926 1872
1980 1926 1979
1979 1926 1925
1979 1925 1978
1979 1978 1925
2031 1978 2030
2031 2030 1978
2082 2030 2081
2081 2030 2029
2081 2029 2080
2081 2080 2029
2131 2080 2130
2131 2130 2080
2180 2130 2179
2180 2179 2130
2228 2179 2227
2228 2227 2179
2275 2227 2274
2275 2274 2227
2321 2274 2320
2320 2274 2273
2320 2273 2319
2320 2319 2273
2365 2319 2364
2365 2364 2319
2409 2364 2408
2409 2408 2364
2409 2452 2408
2453 2452 2409
2453 2495 2452
2496 2495 2453
2496 2537 2495
2538 2537 2496
2538 2578 2537
2538 2579 2578
2539 2579 2538
2580 2579 2539
2580 2619 2579
2580 2620 2619
2581 2620 2580
2581 2621 2620
2581 2582 2541
2541 2582 2581
2542 2582 2541
2542 2583 2582
2543 2583 2542
2543 2584 2583
2543 2544 2502
2502 2544 2543
2502 2503 2460
2460 2503 2502
2461 2503 2460
2461 2504 2503
2462 2504 2461
2462 2505 2504
2462 2463 2419
2419 2463 2462
2420 2463 2419
2420 2464 2463
2420 2421 2376
2376 2421 2420
2377 2421 2376
2377 2422 2421
2378 2422 2377
2378 2423 2422
2378 2379 2333
2333 2379 2378
2334 2379 2333
2334 2380 2379
2334 2335 2288
2288 2335 2334
2289 2335 2288
2289 2336 2335
2290 2336 2289
2290 1785 2336
1784 1785 2290
1784 29375 29383
29383 29375 29374
29383 29374 29382
29382 29374 29373
29382 29373 29381
29381 29373 29372
29372 29373 29363
29372 29363 29362
29372 29362 29371
29371 29362 29361
29371 29361 29370
29370 29361 29360
29370 29360 29369
29370 29369 29360
29378 29369 29377
29378 29377 29369
29378 29385 29377
29386 29385 29378
29392 29385 29391
29392 29391 29385
29392 29397 29391
29398 29397 29392
29402 29397 27820
27820 29397 27821
27820 27821 29397
27820 29462 27821
29463 29462 27820
29517 29462 29516
29517 29516 29462
29517 29570 29516
29517 29571 29570
29518 29571 29517
29572 29571 29518
29572 29624 29571
29572 29625 29624
29573 29625 29572
29573 5132 29625
5133 5132 6672
5133 6672 6674
6674 6672 6671
6671 6672 6668
6671 6668 6667
6667 6668 6663
6667 6663 6662
6667 6662 6666
6667 6666 6662
6670 6666 3480
3480 6666 3479
3480 3479 5017
5017 3479 5013
5017 5013 5012
5012 5013 5007
5007 5013 5012
5007 5008 5001
5007 5001 5000
5000 5001 4993
5000 4993 4992
4992 4993 4984
4992 4984 4983
4983 4984 4974
4983 4974 4973
4973 4974 4963
4973 4963 4962
4973 4962 4972
4972 4962 4961
4961 4962 4950
4961 4950 4949
4949 4950 4937
4949 4937 4936
4949 4936 4948
4948 4936 4935
4948 4935 4947
4947 4935 4934
4934 4935 4921
4934 4921 4920
4934 4920 4933
4933 4920 4919
4933 4919 1762
1762 4919 1761
</Vertices>
                <Weights>0.67 0.33 0
0.67 0.33 0
0.67 0.33 0
0.67 0.33 0
0.67 0.33 0
0.67 0.33 0
0.67 0.33 0
0.67 0.33 0
0.67 0.33 0
0.67 0.33 0
0.67 0.33 0
0.67 0.33 0
0.67 0.33 0
0.67 0.33 0
0.67 0.33 0
0.67 0.33 0
0.67 0.33 0
0.67 0.33 0
0.67 0.33 0
0.67 0.33 0
0.67 0.33 0
0.67 0.33 0
0.67 0.33 0
0.67 0.33 0
0.67 0.33 0
0.67 0.33 0
0.67 0.33 0
0.67 0.33 0
0.67 0.33 0
0.67 0.33 0
0.67 0.33 0
0.67 0.33 0
0.67 0.33 0
0.67 0.33 0
0.67 0.33 0
0.67 0.33 0
0.67 0.33 0
0.67 0.33 0
0.67 0.33 0
0.67 0.33 0
0.67 0.33 0
0.67 0.33 0
0.67 0.33 0
0.67 0.33 0
0.67 0.33 0
0.67 0.33 0
0.67 0.33 0
0.67 0.33 0
0.67 0.33 0
0.67 0.33 0
0.67 0.33 0
0.67 0.33 0
0.67 0.33 0
0.67 0.33 0
0.67 0.33 0
0.67 0.33 0
0.67 0.33 0
0.67 0.33 0
0.67 0.33 0
0.67 0.33 0
0.67 0.33 0
0.67 0.33 0
0.67 0.33 0
0.67 0.33 0
0.67 0.33 0
0.67 0.33 0
0.67 0.33 0
0.67 0.33 0
0.67 0.33 0
0.67 0.33 0
0.67 0.33 0
0.67 0.33 0
0.67 0.33 0
0.67 0.33 0
0.67 0.33 0
0.67 0.33 0
0.67 0.33 0
0.67 0.33 0
0.67 0.33 0
0.67 0.33 0
0.67 0.33 0
0.67 0.33 0
0.67 0.33 0
0.67 0.33 0
0.67 0.33 0
0.67 0.33 0
0.67 0.33 0
0.67 0.33 0
0.67 0.33 0
0.67 0.33 0
0.67 0.33 0
0.67 0.33 0
0.67 0.33 0
0.67 0.33 0
0.67 0.33 0
0.67 0.33 0
0.67 0.33 0
0.67 0.33 0
0.67 0.33 0
0.67 0.33 0
0.67 0.33 0
0.67 0.33 0
0.67 0.33 0
0.67 0.33 0
0.67 0.33 0
0.67 0.33 0
0.67 0.33 0
0.67 0.33 0
0.67 0.33 0
0.67 0.33 0
0.67 0.33 0
0.67 0.33 0
0.67 0.33 0
0.67 0.33 0
0.67 0.33 0
0.67 0.33 0
0.67 0.33 0
0.67 0.33 0
0.67 0.33 0
0.67 0.33 0
0.67 0.33 0
0.67 0.33 0
0.67 0.33 0
0.67 0.33 0
0.67 0.33 0
0.67 0.33 0
0.67 0.33 0
0.67 0.33 0
0.67 0.33 0
0.67 0.33 0
0.67 0.33 0
0.67 0.33 0
0.67 0.33 0
0.67 0.33 0
0.67 0.33 0
0.67 0.33 0
0.67 0.33 0
0.67 0.33 0
0.67 0.33 0
0.67 0.33 0
0.67 0.33 0
0.67 0.33 0
0.67 0.33 0
0.67 0.33 0
0.67 0.33 0
0.67 0.33 0
0.67 0.33 0
0.67 0.33 0
0.67 0.33 0
0.67 0.33 0
0.67 0.33 0
0.67 0.33 0
0.67 0.33 0
0.67 0.33 0
0.67 0.33 0
0.67 0.33 0
0.67 0.33 0
0.67 0.33 0
0.67 0.33 0
</Weights>
            </BorderPart>
        </Border>
        <Border Name="R_A8dl_R" Red="0" Green="0.964706" Blue="1">
            <BorderPart Closed="True">
                <Vertices>5120 5119 6555
5120 6555 6570
5120 6570 6555
5121 6570 6584
6584 6570 6569
6584 6569 6583
6584 6583 6569
6597 6583 6596
6597 6596 6583
6609 6596 6608
6609 6608 6596
6609 6620 6608
5124 6620 6609
5125 6620 6630
5125 6630 6620
5125 5126 6630
29916 5126 29870
29870 5126 29916
29870 5127 29823
29823 5127 29870
29823 5128 29775
29775 5128 29823
29775 5129 29726
29726 5129 29775
29726 5130 29676
29676 5130 29726
29676 5131 29625
29625 5131 29676
29625 5132 29573
29625 29573 29572
29625 29572 29624
29624 29572 29571
29571 29572 29518
29571 29518 29517
29571 29517 29570
29570 29517 29516
29516 29517 29462
29462 29517 29516
29462 29463 27820
29462 27820 27821
29462 27821 29461
29461 27821 27822
29461 27822 29460
29461 29460 27822
29515 29460 29514
29514 29460 29459
29514 29459 29513
29513 29459 29458
29513 29458 29512
29512 29458 29457
29512 29457 29511
29512 29511 29457
29565 29511 29564
29564 29511 29510
29564 29510 29563
29563 29510 29509
29509 29510 29455
29509 29455 29454
29509 29454 29508
29509 29508 29454
29562 29508 29561
29561 29508 29507
29561 29507 29560
29560 29507 29506
29560 29506 29559
29559 29506 29505
29559 29505 29558
29559 29558 29505
29611 29558 29610
29610 29558 29557
29610 29557 29609
29610 29609 29557
29661 29609 29660
29661 29660 29609
29711 29660 29710
29711 29710 29660
29760 29710 29759
29760 29759 29710
29808 29759 29807
29808 29807 29759
29855 29807 29854
29855 29854 29807
29901 29854 29900
29901 29900 29854
29946 29900 29945
29946 29945 29900
29946 29990 29945
29991 29990 29946
29991 30034 29990
30035 30034 29991
30077 30034 30076
30077 30076 30034
30077 30118 30076
30119 30118 30077
30119 30159 30118
30160 30159 30119
30160 30199 30159
30160 30200 30199
30161 30200 30160
30161 30201 30200
30162 30201 30161
30202 30201 30162
30202 30240 30201
30202 30241 30240
30203 30241 30202
30203 30242 30241
30204 30242 30203
30204 30243 30242
30205 30243 30204
30244 30243 30205
30244 30281 30243
30282 30281 30244
30282 30318 30281
30282 30319 30318
30283 30319 30282
30320 30319 30283
30320 30355 30319
30320 30356 30355
30321 30356 30320
30321 5115 30356
30321 5116 30285
30285 5116 30321
30285 5117 30248
30248 5117 30285
30248 5118 30210
30210 5118 30248
30210 5119 30171
30171 5119 30210
</Vertices>
                <Weights>0.67 0.33 0
0.67 0.33 0
0.67 0.33 0
0.67 0.33 0
0.67 0.33 0
0.67 0.33 0
0.67 0.33 0
0.67 0.33 0
0.67 0.33 0
0.67 0.33 0
0.67 0.33 0
0.67 0.33 0
0.67 0.33 0
0.67 0.33 0
0.67 0.33 0
0.67 0.33 0
0.67 0.33 0
0.67 0.33 0
0.67 0.33 0
0.67 0.33 0
0.67 0.33 0
0.67 0.33 0
0.67 0.33 0
0.67 0.33 0
0.67 0.33 0
0.67 0.33 0
0.67 0.33 0
0.67 0.33 0
0.67 0.33 0
0.67 0.33 0
0.67 0.33 0
0.67 0.33 0
0.67 0.33 0
0.67 0.33 0
0.67 0.33 0
0.67 0.33 0
0.67 0.33 0
0.67 0.33 0
0.67 0.33 0
0.67 0.33 0
0.67 0.33 0
0.67 0.33 0
0.67 0.33 0
0.67 0.33 0
0.67 0.33 0
0.67 0.33 0
0.67 0.33 0
0.67 0.33 0
0.67 0.33 0
0.67 0.33 0
0.67 0.33 0
0.67 0.33 0
0.67 0.33 0
0.67 0.33 0
0.67 0.33 0
0.67 0.33 0
0.67 0.33 0
0.67 0.33 0
0.67 0.33 0
0.67 0.33 0
0.67 0.33 0
0.67 0.33 0
0.67 0.33 0
0.67 0.33 0
0.67 0.33 0
0.67 0.33 0
0.67 0.33 0
0.67 0.33 0
0.67 0.33 0
0.67 0.33 0
0.67 0.33 0
0.67 0.33 0
0.67 0.33 0
0.67 0.33 0
0.67 0.33 0
0.67 0.33 0
0.67 0.33 0
0.67 0.33 0
0.67 0.33 0
0.67 0.33 0
0.67 0.33 0
0.67 0.33 0
0.67 0.33 0
0.67 0.33 0
0.67 0.33 0
0.67 0.33 0
0.67 0.33 0
0.67 0.33 0
0.67 0.33 0
0.67 0.33 0
0.67 0.33 0
0.67 0.33 0
0.67 0.33 0
0.67 0.33 0
0.67 0.33 0
0.67 0.33 0
0.67 0.33 0
0.67 0.33 0
0.67 0.33 0
0.67 0.33 0
0.67 0.33 0
0.67 0.33 0
0.67 0.33 0
0.67 0.33 0
0.67 0.33 0
0.67 0.33 0
0.67 0.33 0
0.67 0.33 0
0.67 0.33 0
0.67 0.33 0
0.67 0.33 0
0.67 0.33 0
0.67 0.33 0
0.67 0.33 0
0.67 0.33 0
0.67 0.33 0
0.67 0.33 0
0.67 0.33 0
0.67 0.33 0
0.67 0.33 0
0.67 0.33 0
0.67 0.33 0
0.67 0.33 0
0.67 0.33 0
0.67 0.33 0
0.67 0.33 0
0.67 0.33 0
0.67 0.33 0
</Weights>
            </BorderPart>
        </Border>
        <Border Name="R_A9l_R" Red="1" Green="0.862745" Blue="0.482353">
            <BorderPart Closed="True">
                <Vertices>27821 27820 29397
29397 27820 27821
29397 29402 27820
29397 29398 29392
29397 29392 29391
29391 29392 29385
29385 29392 29391
29385 29386 29378
29385 29378 29377
29377 29378 29369
29369 29378 29377
29369 29370 29360
29360 29370 29369
29360 29361 29350
29350 29361 29360
29350 29351 29339
29350 29339 29338
29338 29339 29326
29326 29339 29338
29326 29327 29313
29326 29313 29312
29312 29313 29298
29298 29313 29312
29298 29299 29283
29298 29283 29282
29282 29283 29266
29266 29283 29282
29266 29267 29249
29266 29249 29248
29248 29249 29230
29230 29249 29248
29230 29231 29211
29230 29211 29210
29210 29211 29190
29210 29190 29189
29189 29190 29168
29168 29190 29189
29168 29169 29146
29168 29146 29145
29145 29146 29122
29122 29146 29145
29122 29123 29098
29098 29123 29122
29098 29099 29073
29098 29073 29072
29072 29073 29046
29072 29046 29045
29045 29046 29018
29045 29018 29017
29017 29018 28989
29017 28989 28988
28988 28989 28959
28988 28959 28958
28958 28959 28928
28958 28928 28927
28927 28928 28896
28896 28928 28927
28896 28897 28864
28896 28864 28863
28863 28864 28830
28863 28830 28829
28829 28830 28795
28795 28830 28829
28795 28796 28760
28795 28760 28759
28759 28760 28723
28759 28723 28722
28722 28723 28685
28722 28685 28684
28722 28684 28721
28721 28684 28683
28721 28683 28720
28720 28683 28682
28720 28682 28719
28720 28719 28682
28756 28719 28755
28755 28719 28718
28755 28718 28754
28755 28754 28718
28790 28754 28789
28790 28789 28754
28824 28789 28823
28824 28823 28789
28824 28857 28823
28858 28857 28824
28890 28857 28889
28890 28889 28857
28921 28889 28920
28921 28920 28889
28951 28920 28950
28951 28950 28920
28980 28950 28979
28980 28979 28950
28980 29008 28979
29009 29008 28980
29036 29008 29035
29036 29035 29008
29062 29035 29061
29061 29035 29034
29061 29034 27842
29061 27842 29034
27841 27842 29061
27841 29441 27842
29442 29441 27841
29442 29496 29441
29442 29497 29496
29443 29497 29442
29498 29497 29443
29498 29551 29497
29552 29551 29498
29552 29604 29551
29605 29604 29552
29605 29656 29604
29605 29657 29656
29606 29657 29605
29606 29658 29657
29607 29658 29606
29607 29659 29658
29608 29659 29607
29608 29660 29659
29609 29660 29608
29609 29661 29660
29609 29610 29557
29557 29610 29609
29558 29610 29557
29558 29611 29610
29558 29559 29505
29505 29559 29558
29506 29559 29505
29506 29560 29559
29507 29560 29506
29507 29561 29560
29508 29561 29507
29508 29562 29561
29508 29509 29454
29454 29509 29508
29455 29509 29454
29510 29509 29455
29510 29563 29509
29510 29564 29563
29511 29564 29510
29511 29565 29564
29511 29512 29457
29457 29512 29511
29458 29512 29457
29458 29513 29512
29459 29513 29458
29459 29514 29513
29460 29514 29459
29460 29515 29514
29460 29461 27822
27822 29461 29460
27821 29461 27822
27821 29462 29461
</Vertices>
                <Weights>0.67 0.33 0
0.67 0.33 0
0.67 0.33 0
0.67 0.33 0
0.67 0.33 0
0.67 0.33 0
0.67 0.33 0
0.67 0.33 0
0.67 0.33 0
0.67 0.33 0
0.67 0.33 0
0.67 0.33 0
0.67 0.33 0
0.67 0.33 0
0.67 0.33 0
0.67 0.33 0
0.67 0.33 0
0.67 0.33 0
0.67 0.33 0
0.67 0.33 0
0.67 0.33 0
0.67 0.33 0
0.67 0.33 0
0.67 0.33 0
0.67 0.33 0
0.67 0.33 0
0.67 0.33 0
0.67 0.33 0
0.67 0.33 0
0.67 0.33 0
0.67 0.33 0
0.67 0.33 0
0.67 0.33 0
0.67 0.33 0
0.67 0.33 0
0.67 0.33 0
0.67 0.33 0
0.67 0.33 0
0.67 0.33 0
0.67 0.33 0
0.67 0.33 0
0.67 0.33 0
0.67 0.33 0
0.67 0.33 0
0.67 0.33 0
0.67 0.33 0
0.67 0.33 0
0.67 0.33 0
0.67 0.33 0
0.67 0.33 0
0.67 0.33 0
0.67 0.33 0
0.67 0.33 0
0.67 0.33 0
0.67 0.33 0
0.67 0.33 0
0.67 0.33 0
0.67 0.33 0
0.67 0.33 0
0.67 0.33 0
0.67 0.33 0
0.67 0.33 0
0.67 0.33 0
0.67 0.33 0
0.67 0.33 0
0.67 0.33 0
0.67 0.33 0
0.67 0.33 0
0.67 0.33 0
0.67 0.33 0
0.67 0.33 0
0.67 0.33 0
0.67 0.33 0
0.67 0.33 0
0.67 0.33 0
0.67 0.33 0
0.67 0.33 0
0.67 0.33 0
0.67 0.33 0
0.67 0.33 0
0.67 0.33 0
0.67 0.33 0
0.67 0.33 0
0.67 0.33 0
0.67 0.33 0
0.67 0.33 0
0.67 0.33 0
0.67 0.33 0
0.67 0.33 0
0.67 0.33 0
0.67 0.33 0
0.67 0.33 0
0.67 0.33 0
0.67 0.33 0
0.67 0.33 0
0.67 0.33 0
0.67 0.33 0
0.67 0.33 0
0.67 0.33 0
0.67 0.33 0
0.67 0.33 0
0.67 0.33 0
0.67 0.33 0
0.67 0.33 0
0.67 0.33 0
0.67 0.33 0
0.67 0.33 0
0.67 0.33 0
0.67 0.33 0
0.67 0.33 0
0.67 0.33 0
0.67 0.33 0
0.67 0.33 0
0.67 0.33 0
0.67 0.33 0
0.67 0.33 0
0.67 0.33 0
0.67 0.33 0
0.67 0.33 0
0.67 0.33 0
0.67 0.33 0
0.67 0.33 0
0.67 0.33 0
0.67 0.33 0
0.67 0.33 0
0.67 0.33 0
0.67 0.33 0
0.67 0.33 0
0.67 0.33 0
0.67 0.33 0
0.67 0.33 0
0.67 0.33 0
0.67 0.33 0
0.67 0.33 0
0.67 0.33 0
0.67 0.33 0
0.67 0.33 0
0.67 0.33 0
0.67 0.33 0
0.67 0.33 0
0.67 0.33 0
0.67 0.33 0
0.67 0.33 0
0.67 0.33 0
0.67 0.33 0
0.67 0.33 0
0.67 0.33 0
0.67 0.33 0
0.67 0.33 0
0.67 0.33 0
0.67 0.33 0
0.67 0.33 0
0.67 0.33 0
0.67 0.33 0
</Weights>
            </BorderPart>
        </Border>
        <Border Name="R_A6dl_R" Red="0" Green="0.415686" Blue="0.0352941">
            <BorderPart Closed="True">
                <Vertices>3474 3473 4978
3474 4978 4987
3474 4987 4978
3475 4987 4995
3475 4995 4987
3476 4995 5002
3476 5002 4995
3477 5002 5008
5008 5002 5001
5008 5001 5007
5008 5007 5001
5013 5007 5012
5013 5012 5007
5013 5017 5012
3479 5017 5013
3479 3480 5017
6666 3480 3479
6666 6670 3480
6666 6667 6662
6662 6667 6666
6663 6667 6662
6668 6667 6663
6668 6671 6667
6672 6671 6668
6672 6674 6671
6672 5133 6674
5132 5133 6672
5132 29573 29625
5132 29625 29573
5131 29625 29676
5131 29676 29625
5130 29676 29726
5130 29726 29676
5129 29726 29775
5129 29775 29726
5128 29775 29823
5128 29823 29775
5127 29823 29870
5127 29870 29823
5126 29870 29916
5126 29916 29870
5126 5125 6630
6630 5125 6620
6620 5125 6630
6620 5124 6609
6620 6609 6608
6608 6609 6596
6596 6609 6608
6596 6597 6583
6583 6597 6596
6583 6584 6569
6569 6584 6583
6570 6584 6569
6570 5121 6584
6570 5120 6555
6555 5120 6570
5119 5120 6555
5119 30171 30210
5119 30210 30171
5118 30210 30248
5118 30248 30210
5117 30248 30285
5117 30285 30248
5116 30285 30321
5116 30321 30285
5115 30321 30356
5115 30356 30321
5114 30356 30390
5114 30390 30356
5114 5113 6444
6444 5113 6422
6444 6422 6421
6421 6422 6398
6421 6398 6397
6397 6398 6373
6373 6398 6397
6373 6374 6348
6348 6374 6373
6348 6349 6322
6348 6322 6321
6321 6322 6294
6294 6322 6321
6294 6295 6266
6294 6266 6265
6265 6266 6236
6265 6236 6235
6265 6235 6264
6264 6235 6234
6264 6234 6263
6264 6263 6234
6292 6263 6291
6291 6263 6262
6291 6262 6290
6290 6262 6261
6290 6261 6289
6290 6289 6261
6317 6289 6316
6316 6289 6288
6316 6288 6315
6316 6315 6288
6342 6315 6341
6341 6315 6314
6341 6314 6340
6340 6314 6313
6340 6313 6339
6339 6313 6312
6339 6312 6338
6338 6312 6311
6338 6311 6337
6338 6337 6311
6363 6337 6362
6362 6337 6336
6362 6336 6361
6361 6336 6335
6335 6336 6309
6335 6309 6308
6335 6308 6334
6335 6334 6308
6360 6334 6359
6359 6334 6333
6359 6333 6358
6359 6358 6333
6383 6358 6382
6383 6382 6358
6406 6382 6405
6406 6405 6382
6428 6405 6427
6428 6427 6405
6428 6449 6427
6450 6449 6428
6470 6449 6469
6470 6469 6449
6489 6469 6488
6489 6488 6469
6489 6507 6488
6508 6507 6489
6525 6507 6524
6525 6524 6507
6541 6524 6540
6541 6540 6524
6541 6556 6540
6557 6556 6541
6571 6556 3469
6571 3469 6556
6571 3470 3469
6585 3470 6571
6585 3471 3470
6598 3471 6585
6598 3472 3471
6610 3472 6598
6610 3473 3472
6621 3473 6610
</Vertices>
                <Weights>0.67 0.33 0
0.67 0.33 0
0.67 0.33 0
0.67 0.33 0
0.67 0.33 0
0.67 0.33 0
0.67 0.33 0
0.67 0.33 0
0.67 0.33 0
0.67 0.33 0
0.67 0.33 0
0.67 0.33 0
0.67 0.33 0
0.67 0.33 0
0.67 0.33 0
0.67 0.33 0
0.67 0.33 0
0.67 0.33 0
0.67 0.33 0
0.67 0.33 0
0.67 0.33 0
0.67 0.33 0
0.67 0.33 0
0.67 0.33 0
0.67 0.33 0
0.67 0.33 0
0.67 0.33 0
0.67 0.33 0
0.67 0.33 0
0.67 0.33 0
0.67 0.33 0
0.67 0.33 0
0.67 0.33 0
0.67 0.33 0
0.67 0.33 0
0.67 0.33 0
0.67 0.33 0
0.67 0.33 0
0.67 0.33 0
0.67 0.33 0
0.67 0.33 0
0.67 0.33 0
0.67 0.33 0
0.67 0.33 0
0.67 0.33 0
0.67 0.33 0
0.67 0.33 0
0.67 0.33 0
0.67 0.33 0
0.67 0.33 0
0.67 0.33 0
0.67 0.33 0
0.67 0.33 0
0.67 0.33 0
0.67 0.33 0
0.67 0.33 0
0.67 0.33 0
0.67 0.33 0
0.67 0.33 0
0.67 0.33 0
0.67 0.33 0
0.67 0.33 0
0.67 0.33 0
0.67 0.33 0
0.67 0.33 0
0.67 0.33 0
0.67 0.33 0
0.67 0.33 0
0.67 0.33 0
0.67 0.33 0
0.67 0.33 0
0.67 0.33 0
0.67 0.33 0
0.67 0.33 0
0.67 0.33 0
0.67 0.33 0
0.67 0.33 0
0.67 0.33 0
0.67 0.33 0
0.67 0.33 0
0.67 0.33 0
0.67 0.33 0
0.67 0.33 0
0.67 0.33 0
0.67 0.33 0
0.67 0.33 0
0.67 0.33 0
0.67 0.33 0
0.67 0.33 0
0.67 0.33 0
0.67 0.33 0
0.67 0.33 0
0.67 0.33 0
0.67 0.33 0
0.67 0.33 0
0.67 0.33 0
0.67 0.33 0
0.67 0.33 0
0.67 0.33 0
0.67 0.33 0
0.67 0.33 0
0.67 0.33 0
0.67 0.33 0
0.67 0.33 0
0.67 0.33 0
0.67 0.33 0
0.67 0.33 0
0.67 0.33 0
0.67 0.33 0
0.67 0.33 0
0.67 0.33 0
0.67 0.33 0
0.67 0.33 0
0.67 0.33 0
0.67 0.33 0
0.67 0.33 0
0.67 0.33 0
0.67 0.33 0
0.67 0.33 0
0.67 0.33 0
0.67 0.33 0
0.67 0.33 0
0.67 0.33 0
0.67 0.33 0
0.67 0.33 0
0.67 0.33 0
0.67 0.33 0
0.67 0.33 0
0.67 0.33 0
0.67 0.33 0
0.67 0.33 0
0.67 0.33 0
0.67 0.33 0
0.67 0.33 0
0.67 0.33 0
0.67 0.33 0
0.67 0.33 0
0.67 0.33 0
0.67 0.33 0
0.67 0.33 0
0.67 0.33 0
0.67 0.33 0
0.67 0.33 0
0.67 0.33 0
0.67 0.33 0
0.67 0.33 0
0.67 0.33 0
0.67 0.33 0
0.67 0.33 0
0.67 0.33 0
0.67 0.33 0
0.67 0.33 0
</Weights>
            </BorderPart>
        </Border>
        <Border Name="R_A6m_R" Red="0.243137" Green="0" Blue="0.415686">
            <BorderPart Closed="True">
                <Vertices>1747 1746 1858
1747 1858 1746
1859 1858 1747
1859 1913 1858
1914 1913 1859
1914 1967 1913
1968 1967 1914
2020 1967 2019
2020 2019 1967
2020 2071 2019
2072 2071 2020
2072 2122 2071
2123 2122 2072
2172 2122 2171
2172 2171 2122
2172 2220 2171
2172 2221 2220
2173 2221 2172
2173 2222 2221
2174 2222 2173
2223 2222 2174
2223 2270 2222
2271 2270 2223
2271 2317 2270
2271 2318 2317
2272 2318 2271
2319 2318 2272
2319 2364 2318
2319 2365 2364
2319 2320 2273
2273 2320 2319
2274 2320 2273
2274 2321 2320
2274 2275 2227
2227 2275 2274
2227 2228 2179
2179 2228 2227
2179 2180 2130
2130 2180 2179
2130 2131 2080
2080 2131 2130
2080 2081 2029
2029 2081 2080
2030 2081 2029
2030 2082 2081
2030 2031 1978
1978 2031 2030
1978 1979 1925
1925 1979 1978
1926 1979 1925
1926 1980 1979
1926 1927 1872
1872 1927 1926
1872 1873 1761
1761 1873 1872
1761 1762 1873
4919 1762 1761
4919 4933 1762
4920 4933 4919
4920 4934 4933
4921 4934 4920
4935 4934 4921
4935 4947 4934
4935 4948 4947
4936 4948 4935
4936 4949 4948
4937 4949 4936
4950 4949 4937
4950 4961 4949
4962 4961 4950
4962 4972 4961
4962 4973 4972
4963 4973 4962
4974 4973 4963
4974 4983 4973
4984 4983 4974
4984 4992 4983
4993 4992 4984
4993 5000 4992
5001 5000 4993
5001 5007 5000
5001 5008 5007
5002 5008 5001
5002 3477 5008
5002 3476 4995
4995 3476 5002
4995 3475 4987
4987 3475 4995
4987 3474 4978
4978 3474 4987
3473 3474 4978
3473 6621 6610
3473 6610 3472
3472 6610 6598
3472 6598 3471
3471 6598 6585
3471 6585 3470
3470 6585 6571
3470 6571 3469
3469 6571 6556
6556 6571 3469
6556 6557 6541
6556 6541 6540
6540 6541 6524
6524 6541 6540
6524 6525 6507
6507 6525 6524
6507 6508 6489
6507 6489 6488
6488 6489 6469
6469 6489 6488
6469 6470 6449
6449 6470 6469
6449 6450 6428
6449 6428 6427
6427 6428 6405
6405 6428 6427
6405 6406 6382
6382 6406 6405
6382 6383 6358
6358 6383 6382
6358 6359 6333
6358 6333 6332
6332 6333 6306
6332 6306 6305
6332 6305 6331
6331 6305 6304
6304 6305 6277
6304 6277 6276
6304 6276 6303
6303 6276 6275
6303 6275 6302
6303 6302 6275
6329 6302 6328
6329 6328 6302
6354 6328 6353
6354 6353 6328
6378 6353 6377
6378 6377 6353
6401 6377 6400
6401 6400 6377
6423 6400 3461
3461 6400 3460
3461 3460 4770
3461 4770 4792
4792 4770 4769
4792 4769 4791
4792 4791 4769
4813 4791 4812
4812 4791 4790
4812 4790 4811
4811 4790 4789
4811 4789 4810
4810 4789 4788
4810 4788 4809
4809 4788 4787
4787 4788 4765
4787 4765 4764
4764 4765 4741
4764 4741 4740
4764 4740 4763
4763 4740 4739
4763 4739 4762
4762 4739 4738
4738 4739 4714
4738 4714 4713
4738 4713 4737
4738 4737 4713
4761 4737 4760
4760 4737 4736
4760 4736 4759
4759 4736 4735
4735 4736 4711
4735 4711 4710
4735 4710 4734
4735 4734 4710
4758 4734 4757
4757 4734 4733
4757 4733 4756
4756 4733 4732
4732 4733 4708
4732 4708 4707
4732 4707 4731
4731 4707 4706
4706 4707 4681
4706 4681 4680
4706 4680 4705
4705 4680 4679
4679 4680 4653
4679 4653 4652
4679 4652 4678
4678 4652 4651
4651 4652 4624
4651 4624 4623
4651 4623 4650
4650 4623 4622
4622 4623 4594
4622 4594 4593
4622 4593 4621
4621 4593 4592
4592 4593 4563
4592 4563 4562
4592 4562 4591
4591 4562 4561
4591 4561 4590
4590 4561 4560
4590 4560 4589
4590 4589 4560
4618 4589 1747
1747 4589 1746
</Vertices>
                <Weights>0.67 0.33 0
0.67 0.33 0
0.67 0.33 0
0.67 0.33 0
0.67 0.33 0
0.67 0.33 0
0.67 0.33 0
0.67 0.33 0
0.67 0.33 0
0.67 0.33 0
0.67 0.33 0
0.67 0.33 0
0.67 0.33 0
0.67 0.33 0
0.67 0.33 0
0.67 0.33 0
0.67 0.33 0
0.67 0.33 0
0.67 0.33 0
0.67 0.33 0
0.67 0.33 0
0.67 0.33 0
0.67 0.33 0
0.67 0.33 0
0.67 0.33 0
0.67 0.33 0
0.67 0.33 0
0.67 0.33 0
0.67 0.33 0
0.67 0.33 0
0.67 0.33 0
0.67 0.33 0
0.67 0.33 0
0.67 0.33 0
0.67 0.33 0
0.67 0.33 0
0.67 0.33 0
0.67 0.33 0
0.67 0.33 0
0.67 0.33 0
0.67 0.33 0
0.67 0.33 0
0.67 0.33 0
0.67 0.33 0
0.67 0.33 0
0.67 0.33 0
0.67 0.33 0
0.67 0.33 0
0.67 0.33 0
0.67 0.33 0
0.67 0.33 0
0.67 0.33 0
0.67 0.33 0
0.67 0.33 0
0.67 0.33 0
0.67 0.33 0
0.67 0.33 0
0.67 0.33 0
0.67 0.33 0
0.67 0.33 0
0.67 0.33 0
0.67 0.33 0
0.67 0.33 0
0.67 0.33 0
0.67 0.33 0
0.67 0.33 0
0.67 0.33 0
0.67 0.33 0
0.67 0.33 0
0.67 0.33 0
0.67 0.33 0
0.67 0.33 0
0.67 0.33 0
0.67 0.33 0
0.67 0.33 0
0.67 0.33 0
0.67 0.33 0
0.67 0.33 0
0.67 0.33 0
0.67 0.33 0
0.67 0.33 0
0.67 0.33 0
0.67 0.33 0
0.67 0.33 0
0.67 0.33 0
0.67 0.33 0
0.67 0.33 0
0.67 0.33 0
0.67 0.33 0
0.67 0.33 0
0.67 0.33 0
0.67 0.33 0
0.67 0.33 0
0.67 0.33 0
0.67 0.33 0
0.67 0.33 0
0.67 0.33 0
0.67 0.33 0
0.67 0.33 0
0.67 0.33 0
0.67 0.33 0
0.67 0.33 0
0.67 0.33 0
0.67 0.33 0
0.67 0.33 0
0.67 0.33 0
0.67 0.33 0
0.67 0.33 0
0.67 0.33 0
0.67 0.33 0
0.67 0.33 0
0.67 0.33 0
0.67 0.33 0
0.67 0.33 0
0.67 0.33 0
0.67 0.33 0
0.67 0.33 0
0.67 0.33 0
0.67 0.33 0
0.67 0.33 0
0.67 0.33 0
0.67 0.33 0
0.67 0.33 0
0.67 0.33 0
0.67 0.33 0
0.67 0.33 0
0.67 0.33 0
0.67 0.33 0
0.67 0.33 0
0.67 0.33 0
0.67 0.33 0
0.67 0.33 0
0.67 0.33 0
0.67 0.33 0
0.67 0.33 0
0.67 0.33 0
0.67 0.33 0
0.67 0.33 0
0.67 0.33 0
0.67 0.33 0
0.67 0.33 0
0.67 0.33 0
0.67 0.33 0
0.67 0.33 0
0.67 0.33 0
0.67 0.33 0
0.67 0.33 0
0.67 0.33 0
0.67 0.33 0
0.67 0.33 0
0.67 0.33 0
0.67 0.33 0
0.67 0.33 0
0.67 0.33 0
0.67 0.33 0
0.67 0.33 0
0.67 0.33 0
0.67 0.33 0
0.67 0.33 0
0.67 0.33 0
0.67 0.33 0
0.67 0.33 0
0.67 0.33 0
0.67 0.33 0
0.67 0.33 0
0.67 0.33 0
0.67 0.33 0
0.67 0.33 0
0.67 0.33 0
0.67 0.33 0
0.67 0.33 0
0.67 0.33 0
0.67 0.33 0
0.67 0.33 0
0.67 0.33 0
0.67 0.33 0
0.67 0.33 0
0.67 0.33 0
0.67 0.33 0
0.67 0.33 0
0.67 0.33 0
0.67 0.33 0
0.67 0.33 0
0.67 0.33 0
0.67 0.33 0
0.67 0.33 0
0.67 0.33 0
0.67 0.33 0
0.67 0.33 0
0.67 0.33 0
0.67 0.33 0
0.67 0.33 0
0.67 0.33 0
0.67 0.33 0
0.67 0.33 0
0.67 0.33 0
0.67 0.33 0
0.67 0.33 0
0.67 0.33 0
0.67 0.33 0
0.67 0.33 0
0.67 0.33 0
0.67 0.33 0
0.67 0.33 0
0.67 0.33 0
0.67 0.33 0
0.67 0.33 0
0.67 0.33 0
0.67 0.33 0
0.67 0.33 0
</Weights>
            </BorderPart>
        </Border>
        <Border Name="R_A9m_R" Red="0.552941" Green="1" Blue="0.619608">
            <BorderPart Closed="True">
                <Vertices>1785 1784 2290
1785 2290 2336
2336 2290 2289
2336 2289 2335
2335 2289 2288
2335 2288 2334
2335 2334 2288
2380 2334 2379
2379 2334 2333
2379 2333 2378
2379 2378 2333
2423 2378 2422
2422 2378 2377
2422 2377 2421
2421 2377 2376
2421 2376 2420
2421 2420 2376
2464 2420 2463
2463 2420 2419
2463 2419 2462
2463 2462 2419
2505 2462 2504
2504 2462 2461
2504 2461 2503
2503 2461 2460
2503 2460 2502
2503 2502 2460
2544 2502 2543
2544 2543 2502
2584 2543 2583
2583 2543 2542
2583 2542 2582
2582 2542 2541
2582 2541 2581
2582 2581 2541
2621 2581 2620
2621 2620 2581
2659 2620 2658
2659 2658 2620
2659 2696 2658
2697 2696 2659
2697 2733 2696
2697 2734 2733
2698 2734 2697
2735 2734 2698
2770 2734 2769
2770 2769 2734
2770 2804 2769
2805 2804 2770
2805 2838 2804
2839 2838 2805
2839 2871 2838
2872 2871 2839
2903 2871 2902
2903 2902 2871
2903 2933 2902
2934 2933 2903
2934 2963 2933
2964 2963 2934
2992 2963 2991
2992 2991 2963
2992 3019 2991
3020 3019 2992
3046 3019 3045
3046 3045 3019
3046 3071 3045
1806 3071 3046
1806 1807 3071
28946 1807 28915
28915 1807 28946
28915 1808 28883
28883 1808 28915
28883 1809 28850
28883 28850 28849
28883 28849 28882
28882 28849 28848
28882 28848 28881
28881 28848 28847
28881 28847 28880
28880 28847 28846
28880 28846 28879
28879 28846 28845
28879 28845 28878
28879 28878 28845
28911 28878 28910
28910 28878 28877
28910 28877 28909
28909 28877 28876
28909 28876 28908
28908 28876 28875
28908 28875 28907
28908 28907 28875
28939 28907 28938
28938 28907 28906
28906 28907 28874
28906 28874 28873
28906 28873 28905
28906 28905 28873
28937 28905 28936
28936 28905 28904
28936 28904 28935
28936 28935 28904
28966 28935 28965
28966 28965 28935
28995 28965 28994
28995 28994 28965
29023 28994 29022
29022 28994 28993
29022 28993 29021
29021 28993 28992
29021 28992 29020
29021 29020 28992
29048 29020 29047
29047 29020 29019
29047 29019 29046
29046 29019 29018
29046 29018 29045
29046 29045 29018
29046 29072 29045
29073 29072 29046
29073 29098 29072
29099 29098 29073
29123 29098 29122
29123 29122 29098
29146 29122 29145
29146 29145 29122
29146 29168 29145
29169 29168 29146
29190 29168 29189
29190 29189 29168
29190 29210 29189
29211 29210 29190
29211 29230 29210
29231 29230 29211
29249 29230 29248
29249 29248 29230
29249 29266 29248
29267 29266 29249
29283 29266 29282
29283 29282 29266
29283 29298 29282
29299 29298 29283
29313 29298 29312
29313 29312 29298
29313 29326 29312
29327 29326 29313
29339 29326 29338
29339 29338 29326
29339 29350 29338
29351 29350 29339
29361 29350 29360
29361 29360 29350
29361 29370 29360
29361 29371 29370
29362 29371 29361
29362 29372 29371
29363 29372 29362
29373 29372 29363
29373 29381 29372
29373 29382 29381
29374 29382 29373
29374 29383 29382
29375 29383 29374
29375 1784 29383
</Vertices>
                <Weights>0.67 0.33 0
0.67 0.33 0
0.67 0.33 0
0.67 0.33 0
0.67 0.33 0
0.67 0.33 0
0.67 0.33 0
0.67 0.33 0
0.67 0.33 0
0.67 0.33 0
0.67 0.33 0
0.67 0.33 0
0.67 0.33 0
0.67 0.33 0
0.67 0.33 0
0.67 0.33 0
0.67 0.33 0
0.67 0.33 0
0.67 0.33 0
0.67 0.33 0
0.67 0.33 0
0.67 0.33 0
0.67 0.33 0
0.67 0.33 0
0.67 0.33 0
0.67 0.33 0
0.67 0.33 0
0.67 0.33 0
0.67 0.33 0
0.67 0.33 0
0.67 0.33 0
0.67 0.33 0
0.67 0.33 0
0.67 0.33 0
0.67 0.33 0
0.67 0.33 0
0.67 0.33 0
0.67 0.33 0
0.67 0.33 0
0.67 0.33 0
0.67 0.33 0
0.67 0.33 0
0.67 0.33 0
0.67 0.33 0
0.67 0.33 0
0.67 0.33 0
0.67 0.33 0
0.67 0.33 0
0.67 0.33 0
0.67 0.33 0
0.67 0.33 0
0.67 0.33 0
0.67 0.33 0
0.67 0.33 0
0.67 0.33 0
0.67 0.33 0
0.67 0.33 0
0.67 0.33 0
0.67 0.33 0
0.67 0.33 0
0.67 0.33 0
0.67 0.33 0
0.67 0.33 0
0.67 0.33 0
0.67 0.33 0
0.67 0.33 0
0.67 0.33 0
0.67 0.33 0
0.67 0.33 0
0.67 0.33 0
0.67 0.33 0
0.67 0.33 0
0.67 0.33 0
0.67 0.33 0
0.67 0.33 0
0.67 0.33 0
0.67 0.33 0
0.67 0.33 0
0.67 0.33 0
0.67 0.33 0
0.67 0.33 0
0.67 0.33 0
0.67 0.33 0
0.67 0.33 0
0.67 0.33 0
0.67 0.33 0
0.67 0.33 0
0.67 0.33 0
0.67 0.33 0
0.67 0.33 0
0.67 0.33 0
0.67 0.33 0
0.67 0.33 0
0.67 0.33 0
0.67 0.33 0
0.67 0.33 0
0.67 0.33 0
0.67 0.33 0
0.67 0.33 0
0.67 0.33 0
0.67 0.33 0
0.67 0.33 0
0.67 0.33 0
0.67 0.33 0
0.67 0.33 0
0.67 0.33 0
0.67 0.33 0
0.67 0.33 0
0.67 0.33 0
0.67 0.33 0
0.67 0.33 0
0.67 0.33 0
0.67 0.33 0
0.67 0.33 0
0.67 0.33 0
0.67 0.33 0
0.67 0.33 0
0.67 0.33 0
0.67 0.33 0
0.67 0.33 0
0.67 0.33 0
0.67 0.33 0
0.67 0.33 0
0.67 0.33 0
0.67 0.33 0
0.67 0.33 0
0.67 0.33 0
0.67 0.33 0
0.67 0.33 0
0.67 0.33 0
0.67 0.33 0
0.67 0.33 0
0.67 0.33 0
0.67 0.33 0
0.67 0.33 0
0.67 0.33 0
0.67 0.33 0
0.67 0.33 0
0.67 0.33 0
0.67 0.33 0
0.67 0.33 0
0.67 0.33 0
0.67 0.33 0
0.67 0.33 0
0.67 0.33 0
0.67 0.33 0
0.67 0.33 0
0.67 0.33 0
0.67 0.33 0
0.67 0.33 0
0.67 0.33 0
0.67 0.33 0
0.67 0.33 0
0.67 0.33 0
0.67 0.33 0
0.67 0.33 0
0.67 0.33 0
0.67 0.33 0
0.67 0.33 0
0.67 0.33 0
0.67 0.33 0
0.67 0.33 0
0.67 0.33 0
0.67 0.33 0
</Weights>
            </BorderPart>
        </Border>
        <Border Name="R_A10m_R" Red="0.309804" Green="0.482353" Blue="0.552941">
            <BorderPart Closed="True">
                <Vertices>28207 28157 28206
28207 28206 28157
28255 28206 28254
28255 28254 28206
28255 28302 28254
28303 28302 28255
28349 28302 28348
28349 28348 28302
28394 28348 28393
28394 28393 28348
28394 28438 28393
28439 28438 28394
28482 28438 28481
28482 28481 28438
28482 28524 28481
28525 28524 28482
28566 28524 28565
28565 28524 28523
28565 28523 28564
28565 28564 28523
28605 28564 28604
28605 28604 28564
28605 28644 28604
28645 28644 28605
28645 28683 28644
28684 28683 28645
28684 28721 28683
28684 28722 28721
28685 28722 28684
28723 28722 28685
28723 28759 28722
28760 28759 28723
28760 28795 28759
28796 28795 28760
28830 28795 28829
28830 28829 28795
28830 28863 28829
28864 28863 28830
28864 28896 28863
28897 28896 28864
28928 28896 28927
28928 28927 28896
28928 28958 28927
28959 28958 28928
28959 28988 28958
28989 28988 28959
28989 29017 28988
29018 29017 28989
29018 29045 29017
29018 29046 29045
29019 29046 29018
29019 29047 29046
29020 29047 29019
29020 29048 29047
29020 29021 28992
28992 29021 29020
28993 29021 28992
28993 29022 29021
28994 29022 28993
28994 29023 29022
28994 28995 28965
28965 28995 28994
28965 28966 28935
28935 28966 28965
28935 28936 28904
28904 28936 28935
28905 28936 28904
28905 28937 28936
28905 28906 28873
28873 28906 28905
28874 28906 28873
28907 28906 28874
28907 28938 28906
28907 28939 28938
28907 28908 28875
28875 28908 28907
28876 28908 28875
28876 28909 28908
28877 28909 28876
28877 28910 28909
28878 28910 28877
28878 28911 28910
28878 28879 28845
28845 28879 28878
28846 28879 28845
28846 28880 28879
28847 28880 28846
28847 28881 28880
28847 28848 28813
28813 28848 28847
28813 28814 28778
28778 28814 28813
28778 28779 28742
28778 28742 28741
28741 28742 28704
28741 28704 28703
28703 28704 28665
28703 28665 28664
28664 28665 28625
28664 28625 28624
28624 28625 28584
28624 28584 28583
28583 28584 28542
28542 28584 28583
28542 28543 28500
28542 28500 28499
28499 28500 28456
28456 28500 28499
28456 28457 28412
28456 28412 28411
28456 28411 28455
28455 28411 28410
28455 28410 28454
28454 28410 28409
28409 28410 28364
28409 28364 28363
28409 28363 28408
28408 28363 28362
28362 28363 28316
28362 28316 28315
28362 28315 28361
28361 28315 28314
28361 28314 28360
28360 28314 28313
28313 28314 28266
28313 28266 28265
28313 28265 28312
28312 28265 28264
28312 28264 28311
28311 28264 28263
28263 28264 28215
28263 28215 28214
28263 28214 28262
28262 28214 28213
28262 28213 28261
28261 28213 28212
28212 28213 28163
28212 28163 28162
28212 28162 28211
28211 28162 28161
28211 28161 28210
28210 28161 28160
28210 28160 28209
28209 28160 28159
28209 28159 28208
28208 28159 28158
28208 28158 28207
28207 28158 28157
</Vertices>
                <Weights>0.67 0.33 0
0.67 0.33 0
0.67 0.33 0
0.67 0.33 0
0.67 0.33 0
0.67 0.33 0
0.67 0.33 0
0.67 0.33 0
0.67 0.33 0
0.67 0.33 0
0.67 0.33 0
0.67 0.33 0
0.67 0.33 0
0.67 0.33 0
0.67 0.33 0
0.67 0.33 0
0.67 0.33 0
0.67 0.33 0
0.67 0.33 0
0.67 0.33 0
0.67 0.33 0
0.67 0.33 0
0.67 0.33 0
0.67 0.33 0
0.67 0.33 0
0.67 0.33 0
0.67 0.33 0
0.67 0.33 0
0.67 0.33 0
0.67 0.33 0
0.67 0.33 0
0.67 0.33 0
0.67 0.33 0
0.67 0.33 0
0.67 0.33 0
0.67 0.33 0
0.67 0.33 0
0.67 0.33 0
0.67 0.33 0
0.67 0.33 0
0.67 0.33 0
0.67 0.33 0
0.67 0.33 0
0.67 0.33 0
0.67 0.33 0
0.67 0.33 0
0.67 0.33 0
0.67 0.33 0
0.67 0.33 0
0.67 0.33 0
0.67 0.33 0
0.67 0.33 0
0.67 0.33 0
0.67 0.33 0
0.67 0.33 0
0.67 0.33 0
0.67 0.33 0
0.67 0.33 0
0.67 0.33 0
0.67 0.33 0
0.67 0.33 0
0.67 0.33 0
0.67 0.33 0
0.67 0.33 0
0.67 0.33 0
0.67 0.33 0
0.67 0.33 0
0.67 0.33 0
0.67 0.33 0
0.67 0.33 0
0.67 0.33 0
0.67 0.33 0
0.67 0.33 0
0.67 0.33 0
0.67 0.33 0
0.67 0.33 0
0.67 0.33 0
0.67 0.33 0
0.67 0.33 0
0.67 0.33 0
0.67 0.33 0
0.67 0.33 0
0.67 0.33 0
0.67 0.33 0
0.67 0.33 0
0.67 0.33 0
0.67 0.33 0
0.67 0.33 0
0.67 0.33 0
0.67 0.33 0
0.67 0.33 0
0.67 0.33 0
0.67 0.33 0
0.67 0.33 0
0.67 0.33 0
0.67 0.33 0
0.67 0.33 0
0.67 0.33 0
0.67 0.33 0
0.67 0.33 0
0.67 0.33 0
0.67 0.33 0
0.67 0.33 0
0.67 0.33 0
0.67 0.33 0
0.67 0.33 0
0.67 0.33 0
0.67 0.33 0
0.67 0.33 0
0.67 0.33 0
0.67 0.33 0
0.67 0.33 0
0.67 0.33 0
0.67 0.33 0
0.67 0.33 0
0.67 0.33 0
0.67 0.33 0
0.67 0.33 0
0.67 0.33 0
0.67 0.33 0
0.67 0.33 0
0.67 0.33 0
0.67 0.33 0
0.67 0.33 0
0.67 0.33 0
0.67 0.33 0
0.67 0.33 0
0.67 0.33 0
0.67 0.33 0
0.67 0.33 0
0.67 0.33 0
0.67 0.33 0
0.67 0.33 0
0.67 0.33 0
0.67 0.33 0
0.67 0.33 0
0.67 0.33 0
0.67 0.33 0
0.67 0.33 0
0.67 0.33 0
0.67 0.33 0
0.67 0.33 0
0.67 0.33 0
0.67 0.33 0
0.67 0.33 0
0.67 0.33 0
0.67 0.33 0
0.67 0.33 0
</Weights>
            </BorderPart>
        </Border>
        <Border Name="R_A9/46d_R" Red="1" Green="0" Blue="0.415686">
            <BorderPart Closed="True">
                <Vertices>29436 27846 27847
29436 27847 29435
29436 29435 27847
29490 29435 29489
29489 29435 29434
29489 29434 29488
29489 29488 29434
29542 29488 29541
29541 29488 29487
29541 29487 29540
29540 29487 29486
29540 29486 29539
29539 29486 29485
29539 29485 29538
29538 29485 29484
29538 29484 29537
29537 29484 29483
29537 29483 29536
29537 29536 29483
29589 29536 29588
29588 29536 29535
29588 29535 29587
29587 29535 29534
29587 29534 29586
29586 29534 29533
29586 29533 29585
29585 29533 29532
29532 29533 29479
29532 29479 29478
29532 29478 29531
29532 29531 29478
29584 29531 29583
29584 29583 29531
29635 29583 29634
29635 29634 29583
29635 29685 29634
29686 29685 29635
29686 29735 29685
29736 29735 29686
29736 29784 29735
29785 29784 29736
29785 29832 29784
29833 29832 29785
29879 29832 29878
29879 29878 29832
29924 29878 29923
29924 29923 29878
29968 29923 29967
29968 29967 29923
30011 29967 30010
30011 30010 29967
30011 30053 30010
30011 30054 30053
30012 30054 30011
30012 30055 30054
30013 30055 30012
30056 30055 30013
30056 30097 30055
30056 30098 30097
30057 30098 30056
30099 30098 30057
30099 30139 30098
30099 30140 30139
30100 30140 30099
30100 30141 30140
30101 30141 30100
30101 30142 30141
30102 30142 30101
30102 30143 30142
30102 30103 30061
30061 30103 30102
30062 30103 30061
30104 30103 30062
30104 30144 30103
30104 30145 30144
30105 30145 30104
30105 30146 30145
30106 30146 30105
30106 30147 30146
30107 30147 30106
30148 30147 30107
30148 30187 30147
30148 30188 30187
30149 30188 30148
30149 30189 30188
30150 30189 30149
30190 30189 30150
30190 30228 30189
30229 30228 30190
30229 30266 30228
30267 30266 30229
30267 30303 30266
30267 30304 30303
30268 30304 30267
30305 30304 30268
30305 30340 30304
30305 30341 30340
30306 30341 30305
30342 30341 30306
30342 30376 30341
30377 30376 30342
30377 30410 30376
30377 30411 30410
30378 30411 30377
30378 30412 30411
30379 30412 30378
30379 30413 30412
30380 30413 30379
30380 30414 30413
30380 30381 30346
30346 30381 30380
30347 30381 30346
30347 30382 30381
30347 30348 30312
30312 30348 30347
30312 30313 30276
30276 30313 30312
30277 30313 30276
30277 30314 30313
30277 30278 30240
30240 30278 30277
30240 30241 30202
30240 30202 30201
30201 30202 30162
30201 30162 30161
30201 30161 30200
30200 30161 30160
30200 30160 30199
30199 30160 30159
30159 30160 30119
30159 30119 30118
30118 30119 30077
30118 30077 30076
30076 30077 30034
30034 30077 30076
30034 30035 29991
30034 29991 29990
29990 29991 29946
29990 29946 29945
29945 29946 29900
29900 29946 29945
29900 29901 29854
29854 29901 29900
29854 29855 29807
29807 29855 29854
29807 29808 29759
29759 29808 29807
29759 29760 29710
29710 29760 29759
29710 29711 29660
29660 29711 29710
29660 29661 29609
29660 29609 29608
29660 29608 29659
29659 29608 29607
29659 29607 29658
29658 29607 29606
29658 29606 29657
29657 29606 29605
29657 29605 29656
29656 29605 29604
29604 29605 29552
29604 29552 29551
29551 29552 29498
29551 29498 29497
29497 29498 29443
29497 29443 29442
29497 29442 29496
29496 29442 29441
29441 29442 27841
29441 27841 27842
29441 27842 29440
29440 27842 27843
29440 27843 29439
29439 27843 27844
29439 27844 29438
29438 27844 27845
29438 27845 29437
29437 27845 27846
29437 27846 29436
</Vertices>
                <Weights>0.67 0.33 0
0.67 0.33 0
0.67 0.33 0
0.67 0.33 0
0.67 0.33 0
0.67 0.33 0
0.67 0.33 0
0.67 0.33 0
0.67 0.33 0
0.67 0.33 0
0.67 0.33 0
0.67 0.33 0
0.67 0.33 0
0.67 0.33 0
0.67 0.33 0
0.67 0.33 0
0.67 0.33 0
0.67 0.33 0
0.67 0.33 0
0.67 0.33 0
0.67 0.33 0
0.67 0.33 0
0.67 0.33 0
0.67 0.33 0
0.67 0.33 0
0.67 0.33 0
0.67 0.33 0
0.67 0.33 0
0.67 0.33 0
0.67 0.33 0
0.67 0.33 0
0.67 0.33 0
0.67 0.33 0
0.67 0.33 0
0.67 0.33 0
0.67 0.33 0
0.67 0.33 0
0.67 0.33 0
0.67 0.33 0
0.67 0.33 0
0.67 0.33 0
0.67 0.33 0
0.67 0.33 0
0.67 0.33 0
0.67 0.33 0
0.67 0.33 0
0.67 0.33 0
0.67 0.33 0
0.67 0.33 0
0.67 0.33 0
0.67 0.33 0
0.67 0.33 0
0.67 0.33 0
0.67 0.33 0
0.67 0.33 0
0.67 0.33 0
0.67 0.33 0
0.67 0.33 0
0.67 0.33 0
0.67 0.33 0
0.67 0.33 0
0.67 0.33 0
0.67 0.33 0
0.67 0.33 0
0.67 0.33 0
0.67 0.33 0
0.67 0.33 0
0.67 0.33 0
0.67 0.33 0
0.67 0.33 0
0.67 0.33 0
