<?xml version="1.0" encoding="UTF-8"?>
<BorderFile Version="3" Structure="CORTEX_LEFT" SurfaceNumberOfVertices="32492">
    <MetaData>
        <MD>
            <Name>ParentProvenance</Name>
            <Value>100307.L.white.32k_fs_LR.surf.gii:
/DATA/232/lqcheng/software/workbench/bin_rh_linux64/../exe_rh_linux64/wb_command -surface-resample /DATA/232/lqcheng/Human/HCP/05_subjects/100307/MNILinear/Native/100307.L.white.native.surf.gii /DATA/232/lqcheng/Human/HCP/05_subjects/100307/MNILinear/Native/100307.L.sphere.reg.reg_LR.native.surf.gii /DATA/232/lqcheng/Human/HCP/05_subjects/100307/MNILinear/fsaverage_LR32k/100307.L.sphere.32k_fs_LR.surf.gii BARYCENTRIC /DATA/232/lqcheng/Human/HCP/05_subjects/100307/MNILinear/fsaverage_LR32k/100307.L.white.32k_fs_LR.surf.gii

100307.L.BN_Atlas.32k_fs_LR.label.gii:
/DATA/232/lqcheng/software/workbench/bin_rh_linux64/../exe_rh_linux64/wb_command -label-resample /DATA/232/lqcheng/Human/HCP/05_subjects/100307/MNILinear/Native/100307.L.BN_Atlas.native.label.gii /DATA/232/lqcheng/Human/HCP/05_subjects/100307/MNILinear/Native/100307.L.sphere.reg.reg_LR.native.surf.gii /DATA/232/lqcheng/Human/HCP/05_subjects/100307/MNILinear/fsaverage_LR32k/100307.L.sphere.32k_fs_LR.surf.gii BARYCENTRIC /DATA/232/lqcheng/Human/HCP/05_subjects/100307/MNILinear/fsaverage_LR32k/100307.L.BN_Atlas.32k_fs_LR.label.gii -largest

</Value>
        </MD>
        <MD>
            <Name>ProgramProvenance</Name>
            <Value>Connectome Workbench
Type: Command Line Application
Version: 1.2.3
Qt Compiled Version: 4.8.4
Qt Runtime Version: 4.8.4
Commit: c170db0277de04cb8a5c04fdf96e45adcda47d6d
Commit Date: 2016-08-23 19:08:10 -0500
Compiled with OpenMP: YES
Compiler: g++44 (/usr/bin)
Compiler Version: 4.4.7
Compiled Debug: NO
Operating System: Linux
</Value>
        </MD>
        <MD>
            <Name>Provenance</Name>
            <Value>/DATA/232/lqcheng/software/workbench/bin_rh_linux64/../exe_rh_linux64/wb_command -label-to-border 100307.L.white.32k_fs_LR.surf.gii 100307.L.BN_Atlas.32k_fs_LR.label.gii 100307.L.BN_Atlas.32k_fs_LR.border</Value>
        </MD>
        <MD>
            <Name>WorkingDirectory</Name>
            <Value>/DATA/232/lqcheng/Human/HCP/05_subjects/BN_Atlas_freesurfer6.0/100307/fsaverage_LR32k</Value>
        </MD>
    </MetaData>
    <Class Name="100307_L_BN_Atlas" Red="0" Green="0" Blue="0">
        <Border Name="L_A8m_L" Red="0" Green="1" Blue="0">
            <BorderPart Closed="True">
                <Vertices>1760 1759 1871
1871 1759 1870
1871 1870 1759
1925 1870 1924
1925 1924 1870
1978 1924 1977
1978 1977 1924
1978 2030 1977
2031 2030 1978
2082 2030 2081
2081 2030 2029
2081 2029 2080
2081 2080 2029
2081 2131 2080
2132 2131 2081
2181 2131 2180
2181 2180 2131
2229 2180 2228
2228 2180 2179
2228 2179 2227
2228 2227 2179
2228 2275 2227
2276 2275 2228
2276 2322 2275
2323 2322 2276
2323 2368 2322
2323 2369 2368
2324 2369 2323
2370 2369 2324
2370 2414 2369
2415 2414 2370
2415 2458 2414
2459 2458 2415
2459 2501 2458
2459 2502 2501
2460 2502 2459
2460 2503 2502
2460 2461 2417
2417 2461 2460
2417 2418 2373
2373 2418 2417
2374 2418 2373
2374 2419 2418
2375 2419 2374
2375 2420 2419
2375 2376 2330
2330 2376 2375
2331 2376 2330
2331 2377 2376
2331 2332 2285
2285 2332 2331
2286 2332 2285
2286 2333 2332
2286 2287 2239
2239 2287 2286
2240 2287 2239
2240 2288 2287
2241 2288 2240
2241 2289 2288
2242 2289 2241
2242 2290 2289
2242 2243 2194
2194 2243 2242
2195 2243 2194
2195 1783 2243
2195 1782 2146
2146 1782 2195
1781 1782 2146
1781 29396 29401
1781 29401 29396
1780 29401 29405
1780 29405 29401
1779 29405 29408
1779 29408 29405
1779 1778 1993
1993 1778 1940
1940 1778 1993
1940 1777 1886
1886 1777 1940
1776 1777 1886
1776 29411 27816
1776 27816 29411
1776 3 1775
1775 3 1776
1775 3483 5023
5023 3483 1775
5023 3482 5022
5023 5022 5021
5021 5022 5019
5019 5022 5021
5019 5020 5016
5016 5020 5019
5017 5020 5016
5017 3480 5020
3479 3480 5017
3479 6666 6661
3479 6661 3478
3479 3478 5013
5013 3478 5008
5008 3478 5013
5008 3477 5002
5002 3477 5008
5002 3476 4995
4995 3476 5002
4995 3475 4987
4987 3475 4995
4987 3474 4978
4978 3474 4987
4978 3473 4968
4978 4968 4967
4967 4968 4956
4967 4956 4955
4955 4956 4943
4955 4943 4942
4942 4943 4929
4929 4943 4942
4929 4930 4915
4929 4915 4914
4929 4914 4928
4928 4914 4913
4928 4913 4927
4927 4913 4912
4927 4912 4926
4927 4926 4912
4940 4926 4939
4939 4926 4925
4939 4925 4938
4938 4925 4924
4924 4925 4910
4924 4910 4909
4924 4909 4923
4923 4909 4908
4908 4909 4893
4908 4893 4892
4908 4892 4907
4907 4892 4891
4907 4891 4906
4906 4891 4890
4906 4890 4905
4905 4890 4889
4905 4889 4904
4904 4889 4888
4904 4888 1760
1760 4888 1759
</Vertices>
                <Weights>0.67 0.33 0
0.67 0.33 0
0.67 0.33 0
0.67 0.33 0
0.67 0.33 0
0.67 0.33 0
0.67 0.33 0
0.67 0.33 0
0.67 0.33 0
0.67 0.33 0
0.67 0.33 0
0.67 0.33 0
0.67 0.33 0
0.67 0.33 0
0.67 0.33 0
0.67 0.33 0
0.67 0.33 0
0.67 0.33 0
0.67 0.33 0
0.67 0.33 0
0.67 0.33 0
0.67 0.33 0
0.67 0.33 0
0.67 0.33 0
0.67 0.33 0
0.67 0.33 0
0.67 0.33 0
0.67 0.33 0
0.67 0.33 0
0.67 0.33 0
0.67 0.33 0
0.67 0.33 0
0.67 0.33 0
0.67 0.33 0
0.67 0.33 0
0.67 0.33 0
0.67 0.33 0
0.67 0.33 0
0.67 0.33 0
0.67 0.33 0
0.67 0.33 0
0.67 0.33 0
0.67 0.33 0
0.67 0.33 0
0.67 0.33 0
0.67 0.33 0
0.67 0.33 0
0.67 0.33 0
0.67 0.33 0
0.67 0.33 0
0.67 0.33 0
0.67 0.33 0
0.67 0.33 0
0.67 0.33 0
0.67 0.33 0
0.67 0.33 0
0.67 0.33 0
0.67 0.33 0
0.67 0.33 0
0.67 0.33 0
0.67 0.33 0
0.67 0.33 0
0.67 0.33 0
0.67 0.33 0
0.67 0.33 0
0.67 0.33 0
0.67 0.33 0
0.67 0.33 0
0.67 0.33 0
0.67 0.33 0
0.67 0.33 0
0.67 0.33 0
0.67 0.33 0
0.67 0.33 0
0.67 0.33 0
0.67 0.33 0
0.67 0.33 0
0.67 0.33 0
0.67 0.33 0
0.67 0.33 0
0.67 0.33 0
0.67 0.33 0
0.67 0.33 0
0.67 0.33 0
0.67 0.33 0
0.67 0.33 0
0.67 0.33 0
0.67 0.33 0
0.67 0.33 0
0.67 0.33 0
0.67 0.33 0
0.67 0.33 0
0.67 0.33 0
0.67 0.33 0
0.67 0.33 0
0.67 0.33 0
0.67 0.33 0
0.67 0.33 0
0.67 0.33 0
0.67 0.33 0
0.67 0.33 0
0.67 0.33 0
0.67 0.33 0
0.67 0.33 0
0.67 0.33 0
0.67 0.33 0
0.67 0.33 0
0.67 0.33 0
0.67 0.33 0
0.67 0.33 0
0.67 0.33 0
0.67 0.33 0
0.67 0.33 0
0.67 0.33 0
0.67 0.33 0
0.67 0.33 0
0.67 0.33 0
0.67 0.33 0
0.67 0.33 0
0.67 0.33 0
0.67 0.33 0
0.67 0.33 0
0.67 0.33 0
0.67 0.33 0
0.67 0.33 0
0.67 0.33 0
0.67 0.33 0
0.67 0.33 0
0.67 0.33 0
0.67 0.33 0
0.67 0.33 0
0.67 0.33 0
0.67 0.33 0
0.67 0.33 0
0.67 0.33 0
0.67 0.33 0
0.67 0.33 0
0.67 0.33 0
0.67 0.33 0
0.67 0.33 0
0.67 0.33 0
0.67 0.33 0
0.67 0.33 0
0.67 0.33 0
</Weights>
            </BorderPart>
        </Border>
        <Border Name="L_A8dl_L" Red="1" Green="0" Blue="0">
            <BorderPart Closed="True">
                <Vertices>3 1775 1776
3 1776 1775
3 27816 1776
5135 27816 29466
29466 27816 27817
29466 27817 29465
29466 29465 27817
29520 29465 29519
29519 29465 29464
29519 29464 29518
29518 29464 29463
29518 29463 29517
29517 29463 29462
29517 29462 29516
29516 29462 29461
29516 29461 29515
29515 29461 29460
29515 29460 29514
29514 29460 29459
29514 29459 29513
29513 29459 29458
29513 29458 29512
29513 29512 29458
29566 29512 29565
29565 29512 29511
29511 29512 29457
29511 29457 29456
29511 29456 29510
29511 29510 29456
29564 29510 29563
29563 29510 29509
29563 29509 29562
29562 29509 29508
29562 29508 29561
29562 29561 29508
29614 29561 29613
29613 29561 29560
29613 29560 29612
29612 29560 29559
29612 29559 29611
29611 29559 29558
29611 29558 29610
29610 29558 29557
29610 29557 29609
29609 29557 29556
29609 29556 29608
29608 29556 29555
29608 29555 29607
29607 29555 29554
29554 29555 29501
29554 29501 29500
29500 29501 29446
29500 29446 29445
29500 29445 29499
29499 29445 29444
29499 29444 29498
29499 29498 29444
29552 29498 29551
29551 29498 29497
29551 29497 29550
29551 29550 29497
29603 29550 29602
29603 29602 29550
29603 29654 29602
29655 29654 29603
29655 29705 29654
29706 29705 29655
29755 29705 29754
29755 29754 29705
29803 29754 29802
29803 29802 29754
29803 29850 29802
29851 29850 29803
29851 29897 29850
29898 29897 29851
29898 29943 29897
29944 29943 29898
29944 29988 29943
29989 29988 29944
29989 30032 29988
30033 30032 29989
30033 30075 30032
30033 30076 30075
30034 30076 30033
30077 30076 30034
30077 30118 30076
30119 30118 30077
30119 30159 30118
30119 30160 30159
30120 30160 30119
30161 30160 30120
30161 30200 30160
30161 30201 30200
30162 30201 30161
30202 30201 30162
30202 30240 30201
30241 30240 30202
30241 30278 30240
30279 30278 30241
30279 30315 30278
30279 30316 30315
30280 30316 30279
30317 30316 30280
30317 30352 30316
30353 30352 30317
30387 30352 30386
30387 30386 30352
30387 30420 30386
30421 30420 30387
30421 30453 30420
30421 30454 30453
30422 30454 30421
30422 30455 30454
30423 30455 30422
5112 30455 30423
5112 5111 6399
6399 5111 6375
6399 6375 6374
6374 6375 6349
6349 6375 6374
6349 6350 6323
6349 6323 6322
6322 6323 6295
6322 6295 6294
6322 6294 6321
6322 6321 6294
6348 6321 6347
6348 6347 6321
6373 6347 6372
6373 6372 6347
6397 6372 6396
6397 6396 6372
6420 6396 6419
6420 6419 6396
6442 6419 6441
6442 6441 6419
6463 6441 6462
6463 6462 6441
6483 6462 6482
6483 6482 6462
6502 6482 6501
6502 6501 6482
6520 6501 6519
6519 6501 6500
6519 6500 6518
6519 6518 6500
6536 6518 6535
6536 6535 6518
6552 6535 6551
6551 6535 6534
6551 6534 6550
6551 6550 6534
6566 6550 6565
6565 6550 6549
6565 6549 6564
6565 6564 6549
6579 6564 6578
6579 6578 6564
6592 6578 6591
6591 6578 6577
6591 6577 6590
6591 6590 6577
6603 6590 6602
6603 6602 6590
6614 6602 6613
6614 6613 6602
6624 6613 6623
6623 6613 6612
6623 6612 6622
6623 6622 6612
6632 6622 6631
6631 6622 6621
6631 6621 3474
3474 6621 3473
3474 3473 4978
3474 4978 4987
3474 4987 4978
3475 4987 4995
3475 4995 4987
3476 4995 5002
3476 5002 4995
3477 5002 5008
3477 5008 5002
3478 5008 5013
3478 5013 5008
3478 3479 5013
6661 3479 3478
6666 3479 6661
3480 3479 5017
3480 5017 5020
5020 5017 5016
5020 5016 5019
5020 5019 5016
5022 5019 5021
5022 5021 5019
5022 5023 5021
3482 5023 5022
3483 5023 1775
3483 1775 5023
</Vertices>
                <Weights>0.67 0.33 0
0.67 0.33 0
0.67 0.33 0
0.67 0.33 0
0.67 0.33 0
0.67 0.33 0
0.67 0.33 0
0.67 0.33 0
0.67 0.33 0
0.67 0.33 0
0.67 0.33 0
0.67 0.33 0
0.67 0.33 0
0.67 0.33 0
0.67 0.33 0
0.67 0.33 0
0.67 0.33 0
0.67 0.33 0
0.67 0.33 0
0.67 0.33 0
0.67 0.33 0
0.67 0.33 0
0.67 0.33 0
0.67 0.33 0
0.67 0.33 0
0.67 0.33 0
0.67 0.33 0
0.67 0.33 0
0.67 0.33 0
0.67 0.33 0
0.67 0.33 0
0.67 0.33 0
0.67 0.33 0
0.67 0.33 0
0.67 0.33 0
0.67 0.33 0
0.67 0.33 0
0.67 0.33 0
0.67 0.33 0
0.67 0.33 0
0.67 0.33 0
0.67 0.33 0
0.67 0.33 0
0.67 0.33 0
0.67 0.33 0
0.67 0.33 0
0.67 0.33 0
0.67 0.33 0
0.67 0.33 0
0.67 0.33 0
0.67 0.33 0
0.67 0.33 0
0.67 0.33 0
0.67 0.33 0
0.67 0.33 0
0.67 0.33 0
0.67 0.33 0
0.67 0.33 0
0.67 0.33 0
0.67 0.33 0
0.67 0.33 0
0.67 0.33 0
0.67 0.33 0
0.67 0.33 0
0.67 0.33 0
0.67 0.33 0
0.67 0.33 0
0.67 0.33 0
0.67 0.33 0
0.67 0.33 0
0.67 0.33 0
0.67 0.33 0
0.67 0.33 0
0.67 0.33 0
0.67 0.33 0
0.67 0.33 0
0.67 0.33 0
0.67 0.33 0
0.67 0.33 0
0.67 0.33 0
0.67 0.33 0
0.67 0.33 0
0.67 0.33 0
0.67 0.33 0
0.67 0.33 0
0.67 0.33 0
0.67 0.33 0
0.67 0.33 0
0.67 0.33 0
0.67 0.33 0
0.67 0.33 0
0.67 0.33 0
0.67 0.33 0
0.67 0.33 0
0.67 0.33 0
0.67 0.33 0
0.67 0.33 0
0.67 0.33 0
0.67 0.33 0
0.67 0.33 0
0.67 0.33 0
0.67 0.33 0
0.67 0.33 0
0.67 0.33 0
0.67 0.33 0
0.67 0.33 0
0.67 0.33 0
0.67 0.33 0
0.67 0.33 0
0.67 0.33 0
0.67 0.33 0
0.67 0.33 0
0.67 0.33 0
0.67 0.33 0
0.67 0.33 0
0.67 0.33 0
0.67 0.33 0
0.67 0.33 0
0.67 0.33 0
0.67 0.33 0
0.67 0.33 0
0.67 0.33 0
0.67 0.33 0
0.67 0.33 0
0.67 0.33 0
0.67 0.33 0
0.67 0.33 0
0.67 0.33 0
0.67 0.33 0
0.67 0.33 0
0.67 0.33 0
0.67 0.33 0
0.67 0.33 0
0.67 0.33 0
0.67 0.33 0
0.67 0.33 0
0.67 0.33 0
0.67 0.33 0
0.67 0.33 0
0.67 0.33 0
0.67 0.33 0
0.67 0.33 0
0.67 0.33 0
0.67 0.33 0
0.67 0.33 0
0.67 0.33 0
0.67 0.33 0
0.67 0.33 0
0.67 0.33 0
0.67 0.33 0
0.67 0.33 0
0.67 0.33 0
0.67 0.33 0
0.67 0.33 0
0.67 0.33 0
0.67 0.33 0
0.67 0.33 0
0.67 0.33 0
0.67 0.33 0
0.67 0.33 0
0.67 0.33 0
0.67 0.33 0
0.67 0.33 0
0.67 0.33 0
0.67 0.33 0
0.67 0.33 0
0.67 0.33 0
0.67 0.33 0
0.67 0.33 0
0.67 0.33 0
0.67 0.33 0
0.67 0.33 0
0.67 0.33 0
0.67 0.33 0
0.67 0.33 0
0.67 0.33 0
0.67 0.33 0
0.67 0.33 0
0.67 0.33 0
0.67 0.33 0
0.67 0.33 0
0.67 0.33 0
0.67 0.33 0
0.67 0.33 0
0.67 0.33 0
0.67 0.33 0
0.67 0.33 0
0.67 0.33 0
0.67 0.33 0
0.67 0.33 0
0.67 0.33 0
0.67 0.33 0
0.67 0.33 0
0.67 0.33 0
0.67 0.33 0
0.67 0.33 0
0.67 0.33 0
0.67 0.33 0
0.67 0.33 0
</Weights>
            </BorderPart>
        </Border>
        <Border Name="L_A9l_L" Red="1" Green="0.482353" Blue="0.862745">
            <BorderPart Closed="True">
                <Vertices>1777 1776 1886
1777 1886 1940
1777 1940 1886
1778 1940 1993
1778 1993 1940
1778 1779 1993
29408 1779 29405
29405 1779 29408
29405 1780 29401
29405 29401 29400
29400 29401 29395
29400 29395 29394
29394 29395 29388
29388 29395 29394
29388 29389 29381
29388 29381 29380
29380 29381 29372
29380 29372 29371
29371 29372 29362
29371 29362 29361
29361 29362 29351
29361 29351 29350
29350 29351 29339
29339 29351 29350
29339 29340 29327
29339 29327 29326
29326 29327 29313
29326 29313 29312
29312 29313 29298
29298 29313 29312
29298 29299 29283
29283 29299 29298
29283 29284 29267
29283 29267 29266
29266 29267 29249
29266 29249 29248
29248 29249 29230
29230 29249 29248
29230 29231 29211
29211 29231 29230
29211 29212 29191
29211 29191 29190
29190 29191 29169
29190 29169 29168
29168 29169 29146
29146 29169 29168
29146 29147 29123
29146 29123 29122
29122 29123 29098
29098 29123 29122
29098 29099 29073
29098 29073 29072
29072 29073 29046
29072 29046 29045
29045 29046 29018
29018 29046 29045
29018 29019 28990
28990 29019 29018
28990 28991 28961
28990 28961 28960
28960 28961 28930
28960 28930 28929
28960 28929 28959
28959 28929 28928
28928 28929 28897
28897 28929 28928
28897 28898 28865
28897 28865 28864
28864 28865 28831
28864 28831 28830
28830 28831 28796
28830 28796 28795
28795 28796 28760
28795 28760 28759
28759 28760 28723
28759 28723 28722
28722 28723 28685
28722 28685 28684
28684 28685 28646
28684 28646 28645
28645 28646 28606
28606 28646 28645
28606 28607 28566
28606 28566 28565
28606 28565 28605
28605 28565 28564
28605 28564 28604
28604 28564 28563
28604 28563 28603
28603 28563 28562
28603 28562 28602
28603 28602 28562
28642 28602 28641
28642 28641 28602
28680 28641 28679
28680 28679 28641
28717 28679 28716
28716 28679 28678
28716 28678 28715
28716 28715 28678
28716 28752 28715
28753 28752 28716
28753 28788 28752
28789 28788 28753
28823 28788 28822
28823 28822 28788
28856 28822 28855
28856 28855 28822
28856 28888 28855
28889 28888 28856
28889 28920 28888
28921 28920 28889
28951 28920 28950
28951 28950 28920
28980 28950 28979
28980 28979 28950
29008 28979 29007
29008 29007 28979
29008 29035 29007
29036 29035 29008
29062 29035 29061
29062 29061 29035
29087 29061 27841
29087 27841 29061
29087 27840 27841
29112 27840 29087
27839 27840 29112
29443 27840 29442
29443 29442 27840
29443 29497 29442
29498 29497 29443
29498 29551 29497
29498 29552 29551
29498 29499 29444
29444 29499 29498
29445 29499 29444
29445 29500 29499
29446 29500 29445
29501 29500 29446
29501 29554 29500
29555 29554 29501
29555 29607 29554
29555 29608 29607
29556 29608 29555
29556 29609 29608
29557 29609 29556
29557 29610 29609
29558 29610 29557
29558 29611 29610
29559 29611 29558
29559 29612 29611
29560 29612 29559
29560 29613 29612
29561 29613 29560
29561 29614 29613
29561 29562 29508
29508 29562 29561
29509 29562 29508
29509 29563 29562
29510 29563 29509
29510 29564 29563
29510 29511 29456
29456 29511 29510
29457 29511 29456
29512 29511 29457
29512 29565 29511
29512 29566 29565
29512 29513 29458
29458 29513 29512
29459 29513 29458
29459 29514 29513
29460 29514 29459
29460 29515 29514
29461 29515 29460
29461 29516 29515
29462 29516 29461
29462 29517 29516
29463 29517 29462
29463 29518 29517
29464 29518 29463
29464 29519 29518
29465 29519 29464
29465 29520 29519
29465 29466 27817
27817 29466 29465
27816 29466 27817
27816 5135 29466
27816 3 1776
27816 1776 29411
29411 1776 27816
</Vertices>
                <Weights>0.67 0.33 0
0.67 0.33 0
0.67 0.33 0
0.67 0.33 0
0.67 0.33 0
0.67 0.33 0
0.67 0.33 0
0.67 0.33 0
0.67 0.33 0
0.67 0.33 0
0.67 0.33 0
0.67 0.33 0
0.67 0.33 0
0.67 0.33 0
0.67 0.33 0
0.67 0.33 0
0.67 0.33 0
0.67 0.33 0
0.67 0.33 0
0.67 0.33 0
0.67 0.33 0
0.67 0.33 0
0.67 0.33 0
0.67 0.33 0
0.67 0.33 0
0.67 0.33 0
0.67 0.33 0
0.67 0.33 0
0.67 0.33 0
0.67 0.33 0
0.67 0.33 0
0.67 0.33 0
0.67 0.33 0
0.67 0.33 0
0.67 0.33 0
0.67 0.33 0
0.67 0.33 0
0.67 0.33 0
0.67 0.33 0
0.67 0.33 0
0.67 0.33 0
0.67 0.33 0
0.67 0.33 0
0.67 0.33 0
0.67 0.33 0
0.67 0.33 0
0.67 0.33 0
0.67 0.33 0
0.67 0.33 0
0.67 0.33 0
0.67 0.33 0
0.67 0.33 0
0.67 0.33 0
0.67 0.33 0
0.67 0.33 0
0.67 0.33 0
0.67 0.33 0
0.67 0.33 0
0.67 0.33 0
0.67 0.33 0
0.67 0.33 0
0.67 0.33 0
0.67 0.33 0
0.67 0.33 0
0.67 0.33 0
0.67 0.33 0
0.67 0.33 0
0.67 0.33 0
0.67 0.33 0
0.67 0.33 0
0.67 0.33 0
0.67 0.33 0
0.67 0.33 0
0.67 0.33 0
0.67 0.33 0
0.67 0.33 0
0.67 0.33 0
0.67 0.33 0
0.67 0.33 0
0.67 0.33 0
0.67 0.33 0
0.67 0.33 0
0.67 0.33 0
0.67 0.33 0
0.67 0.33 0
0.67 0.33 0
0.67 0.33 0
0.67 0.33 0
0.67 0.33 0
0.67 0.33 0
0.67 0.33 0
0.67 0.33 0
0.67 0.33 0
0.67 0.33 0
0.67 0.33 0
0.67 0.33 0
0.67 0.33 0
0.67 0.33 0
0.67 0.33 0
0.67 0.33 0
0.67 0.33 0
0.67 0.33 0
0.67 0.33 0
0.67 0.33 0
0.67 0.33 0
0.67 0.33 0
0.67 0.33 0
0.67 0.33 0
0.67 0.33 0
0.67 0.33 0
0.67 0.33 0
0.67 0.33 0
0.67 0.33 0
0.67 0.33 0
0.67 0.33 0
0.67 0.33 0
0.67 0.33 0
0.67 0.33 0
0.67 0.33 0
0.67 0.33 0
0.67 0.33 0
0.67 0.33 0
0.67 0.33 0
0.67 0.33 0
0.67 0.33 0
0.67 0.33 0
0.67 0.33 0
0.67 0.33 0
0.67 0.33 0
0.67 0.33 0
0.67 0.33 0
0.67 0.33 0
0.67 0.33 0
0.67 0.33 0
0.67 0.33 0
0.67 0.33 0
0.67 0.33 0
0.67 0.33 0
0.67 0.33 0
0.67 0.33 0
0.67 0.33 0
0.67 0.33 0
0.67 0.33 0
0.67 0.33 0
0.67 0.33 0
0.67 0.33 0
0.67 0.33 0
0.67 0.33 0
0.67 0.33 0
0.67 0.33 0
0.67 0.33 0
0.67 0.33 0
0.67 0.33 0
0.67 0.33 0
0.67 0.33 0
0.67 0.33 0
0.67 0.33 0
0.67 0.33 0
0.67 0.33 0
0.67 0.33 0
0.67 0.33 0
0.67 0.33 0
0.67 0.33 0
0.67 0.33 0
0.67 0.33 0
0.67 0.33 0
0.67 0.33 0
0.67 0.33 0
0.67 0.33 0
0.67 0.33 0
0.67 0.33 0
0.67 0.33 0
0.67 0.33 0
0.67 0.33 0
0.67 0.33 0
0.67 0.33 0
0.67 0.33 0
0.67 0.33 0
0.67 0.33 0
0.67 0.33 0
0.67 0.33 0
0.67 0.33 0
0.67 0.33 0
0.67 0.33 0
0.67 0.33 0
0.67 0.33 0
0.67 0.33 0
0.67 0.33 0
0.67 0.33 0
0.67 0.33 0
</Weights>
            </BorderPart>
        </Border>
        <Border Name="L_A6dl_L" Red="0" Green="0.552941" Blue="1">
            <BorderPart Closed="True">
                <Vertices>3468 3467 4903
3468 4903 4918
4918 4903 4902
4918 4902 4917
4917 4902 4901
4917 4901 4916
4917 4916 4901
4931 4916 4930
4930 4916 4915
4930 4915 4929
4930 4929 4915
4943 4929 4942
4943 4942 4929
4943 4955 4942
4956 4955 4943
4956 4967 4955
4968 4967 4956
4968 4978 4967
3473 4978 4968
3473 3474 4978
6621 3474 3473
6621 6631 3474
6622 6631 6621
6622 6632 6631
6622 6623 6612
6612 6623 6622
6613 6623 6612
6613 6624 6623
6613 6614 6602
6602 6614 6613
6602 6603 6590
6590 6603 6602
6590 6591 6577
6577 6591 6590
6578 6591 6577
6578 6592 6591
6578 6579 6564
6564 6579 6578
6564 6565 6549
6549 6565 6564
6550 6565 6549
6550 6566 6565
6550 6551 6534
6534 6551 6550
6535 6551 6534
6535 6552 6551
6535 6536 6518
6518 6536 6535
6518 6519 6500
6500 6519 6518
6501 6519 6500
6501 6520 6519
6501 6502 6482
6482 6502 6501
6482 6483 6462
6462 6483 6482
6462 6463 6441
6441 6463 6462
6441 6442 6419
6419 6442 6441
6419 6420 6396
6396 6420 6419
6396 6397 6372
6372 6397 6396
6372 6373 6347
6347 6373 6372
6347 6348 6321
6347 6321 6320
6320 6321 6293
6293 6321 6320
6293 6294 6265
6293 6265 6264
6264 6265 6235
6264 6235 6234
6234 6235 6204
6234 6204 6203
6203 6204 6172
6172 6204 6203
6172 6173 6140
6172 6140 6139
6172 6139 6171
6171 6139 6138
6171 6138 6170
6170 6138 6137
6170 6137 6169
6169 6137 6136
6136 6137 6103
6136 6103 6102
6136 6102 6135
6136 6135 6102
6168 6135 6167
6167 6135 6134
6167 6134 6166
6166 6134 6133
6133 6134 6100
6133 6100 6099
6133 6099 6132
6133 6132 6099
6165 6132 6164
6164 6132 6131
6164 6131 6163
6163 6131 6130
6163 6130 6162
6163 6162 6130
6194 6162 6193
6194 6193 6162
6224 6193 6223
6224 6223 6193
6253 6223 6252
6253 6252 6223
6281 6252 6280
6280 6252 6251
6280 6251 6279
6280 6279 6251
6307 6279 6306
6307 6306 6279
6333 6306 6332
6333 6332 6306
6358 6332 6357
6357 6332 6331
6357 6331 6356
6357 6356 6331
6381 6356 6380
6380 6356 6355
6380 6355 6379
6380 6379 6355
6403 6379 6402
6403 6402 6379
6425 6402 6424
6425 6424 6402
6425 6446 6424
6425 6447 6446
6426 6447 6425
6448 6447 6426
6468 6447 6467
6468 6467 6447
6468 6487 6467
6488 6487 6468
6506 6487 6505
6506 6505 6487
6523 6505 3466
6523 3466 6505
6523 3467 3466
6540 3467 6523
</Vertices>
                <Weights>0.67 0.33 0
0.67 0.33 0
0.67 0.33 0
0.67 0.33 0
0.67 0.33 0
0.67 0.33 0
0.67 0.33 0
0.67 0.33 0
0.67 0.33 0
0.67 0.33 0
0.67 0.33 0
0.67 0.33 0
0.67 0.33 0
0.67 0.33 0
0.67 0.33 0
0.67 0.33 0
0.67 0.33 0
0.67 0.33 0
0.67 0.33 0
0.67 0.33 0
0.67 0.33 0
0.67 0.33 0
0.67 0.33 0
0.67 0.33 0
0.67 0.33 0
0.67 0.33 0
0.67 0.33 0
0.67 0.33 0
0.67 0.33 0
0.67 0.33 0
0.67 0.33 0
0.67 0.33 0
0.67 0.33 0
0.67 0.33 0
0.67 0.33 0
0.67 0.33 0
0.67 0.33 0
0.67 0.33 0
0.67 0.33 0
0.67 0.33 0
0.67 0.33 0
0.67 0.33 0
0.67 0.33 0
0.67 0.33 0
0.67 0.33 0
0.67 0.33 0
0.67 0.33 0
0.67 0.33 0
0.67 0.33 0
0.67 0.33 0
0.67 0.33 0
0.67 0.33 0
0.67 0.33 0
0.67 0.33 0
0.67 0.33 0
0.67 0.33 0
0.67 0.33 0
0.67 0.33 0
0.67 0.33 0
0.67 0.33 0
0.67 0.33 0
0.67 0.33 0
0.67 0.33 0
0.67 0.33 0
0.67 0.33 0
0.67 0.33 0
0.67 0.33 0
0.67 0.33 0
0.67 0.33 0
0.67 0.33 0
0.67 0.33 0
0.67 0.33 0
0.67 0.33 0
0.67 0.33 0
0.67 0.33 0
0.67 0.33 0
0.67 0.33 0
0.67 0.33 0
0.67 0.33 0
0.67 0.33 0
0.67 0.33 0
0.67 0.33 0
0.67 0.33 0
0.67 0.33 0
0.67 0.33 0
0.67 0.33 0
0.67 0.33 0
0.67 0.33 0
0.67 0.33 0
0.67 0.33 0
0.67 0.33 0
0.67 0.33 0
0.67 0.33 0
0.67 0.33 0
0.67 0.33 0
0.67 0.33 0
0.67 0.33 0
0.67 0.33 0
0.67 0.33 0
0.67 0.33 0
0.67 0.33 0
0.67 0.33 0
0.67 0.33 0
0.67 0.33 0
0.67 0.33 0
0.67 0.33 0
0.67 0.33 0
0.67 0.33 0
0.67 0.33 0
0.67 0.33 0
0.67 0.33 0
0.67 0.33 0
0.67 0.33 0
0.67 0.33 0
0.67 0.33 0
0.67 0.33 0
0.67 0.33 0
0.67 0.33 0
0.67 0.33 0
0.67 0.33 0
0.67 0.33 0
0.67 0.33 0
0.67 0.33 0
0.67 0.33 0
0.67 0.33 0
0.67 0.33 0
0.67 0.33 0
0.67 0.33 0
0.67 0.33 0
0.67 0.33 0
0.67 0.33 0
0.67 0.33 0
0.67 0.33 0
0.67 0.33 0
0.67 0.33 0
0.67 0.33 0
0.67 0.33 0
0.67 0.33 0
0.67 0.33 0
0.67 0.33 0
0.67 0.33 0
0.67 0.33 0
0.67 0.33 0
0.67 0.33 0
</Weights>
            </BorderPart>
        </Border>
        <Border Name="L_A6m_L" Red="0.619608" Green="0.27451" Blue="0.207843">
            <BorderPart Closed="True">
                <Vertices>1747 1746 1858
1747 1858 1746
1859 1858 1747
1913 1858 1912
1913 1912 1858
1966 1912 1965
1966 1965 1912
2018 1965 2017
2018 2017 1965
2018 2069 2017
2018 2070 2069
2019 2070 2018
2071 2070 2019
2071 2121 2070
2071 2122 2121
2072 2122 2071
2072 2123 2122
2073 2123 2072
2073 2124 2123
2074 2124 2073
2125 2124 2074
2125 2174 2124
2175 2174 2125
2175 2223 2174
2224 2223 2175
2224 2271 2223
2224 2272 2271
2225 2272 2224
2225 2273 2272
2226 2273 2225
2274 2273 2226
2274 2320 2273
2274 2321 2320
2275 2321 2274
2275 2322 2321
2275 2276 2228
2275 2228 2227
2227 2228 2179
2179 2228 2227
2180 2228 2179
2180 2229 2228
2180 2181 2131
2131 2181 2180
2131 2132 2081
2131 2081 2080
2080 2081 2029
2029 2081 2080
2030 2081 2029
2030 2082 2081
2030 2031 1978
2030 1978 1977
1977 1978 1924
1924 1978 1977
1924 1925 1870
1870 1925 1924
1870 1871 1759
1759 1871 1870
1759 1760 1871
4888 1760 1759
4888 4904 1760
4889 4904 4888
4889 4905 4904
4890 4905 4889
4890 4906 4905
4891 4906 4890
4891 4907 4906
4892 4907 4891
4892 4908 4907
4893 4908 4892
4909 4908 4893
4909 4923 4908
4909 4924 4923
4910 4924 4909
4925 4924 4910
4925 4938 4924
4925 4939 4938
4926 4939 4925
4926 4940 4939
4926 4927 4912
4912 4927 4926
4913 4927 4912
4913 4928 4927
4914 4928 4913
4914 4929 4928
4915 4929 4914
4915 4930 4929
4916 4930 4915
4916 4931 4930
4916 4917 4901
4901 4917 4916
4902 4917 4901
4902 4918 4917
4903 4918 4902
4903 3468 4918
3467 3468 4903
3467 6540 6523
3467 6523 3466
3466 6523 6505
6505 6523 3466
6505 6506 6487
6487 6506 6505
6487 6488 6468
6487 6468 6467
6467 6468 6447
6447 6468 6467
6447 6448 6426
6447 6426 6425
6447 6425 6446
6446 6425 6424
6424 6425 6402
6402 6425 6424
6402 6403 6379
6402 6379 6378
6378 6379 6354
6378 6354 6353
6353 6354 6328
6353 6328 6327
6353 6327 6352
6353 6352 6327
6377 6352 6376
6376 6352 6351
6376 6351 3459
6376 3459 6351
3460 3459 4747
4747 3459 4723
4747 4723 4722
4747 4722 4746
4746 4722 4721
4746 4721 4745
4745 4721 4720
4745 4720 4744
4744 4720 4719
4719 4720 4694
4719 4694 4693
4719 4693 4718
4718 4693 4692
4718 4692 4717
4717 4692 4691
4691 4692 4665
4691 4665 4664
4691 4664 4690
4690 4664 4663
4690 4663 4689
4689 4663 4662
4689 4662 4688
4688 4662 4661
4688 4661 4687
4687 4661 4660
4660 4661 4633
4660 4633 4632
4660 4632 4659
4659 4632 4631
4659 4631 4658
4658 4631 4630
4630 4631 4602
4630 4602 4601
4630 4601 4629
4629 4601 4600
4629 4600 4628
4628 4600 4599
4599 4600 4570
4599 4570 4569
4599 4569 4598
4598 4569 4568
4568 4569 4538
4568 4538 4537
4568 4537 4567
4567 4537 4536
4536 4537 4505
4536 4505 4504
4536 4504 4535
4536 4535 4504
4566 4535 4565
4565 4535 4534
4565 4534 4564
4564 4534 4533
4564 4533 4563
4564 4563 4533
4593 4563 4592
4593 4592 4563
4621 4592 4620
4620 4592 4591
4620 4591 4619
4619 4591 4590
4619 4590 4618
4619 4618 4590
4646 4618 1748
1748 4618 1747
1747 4618 4589
1747 4589 1746
</Vertices>
                <Weights>0.67 0.33 0
0.67 0.33 0
0.67 0.33 0
0.67 0.33 0
0.67 0.33 0
0.67 0.33 0
0.67 0.33 0
0.67 0.33 0
0.67 0.33 0
0.67 0.33 0
0.67 0.33 0
0.67 0.33 0
0.67 0.33 0
0.67 0.33 0
0.67 0.33 0
0.67 0.33 0
0.67 0.33 0
0.67 0.33 0
0.67 0.33 0
0.67 0.33 0
0.67 0.33 0
0.67 0.33 0
0.67 0.33 0
0.67 0.33 0
0.67 0.33 0
0.67 0.33 0
0.67 0.33 0
0.67 0.33 0
0.67 0.33 0
0.67 0.33 0
0.67 0.33 0
0.67 0.33 0
0.67 0.33 0
0.67 0.33 0
0.67 0.33 0
0.67 0.33 0
0.67 0.33 0
0.67 0.33 0
0.67 0.33 0
0.67 0.33 0
0.67 0.33 0
0.67 0.33 0
0.67 0.33 0
0.67 0.33 0
0.67 0.33 0
0.67 0.33 0
0.67 0.33 0
0.67 0.33 0
0.67 0.33 0
0.67 0.33 0
0.67 0.33 0
0.67 0.33 0
0.67 0.33 0
0.67 0.33 0
0.67 0.33 0
0.67 0.33 0
0.67 0.33 0
0.67 0.33 0
0.67 0.33 0
0.67 0.33 0
0.67 0.33 0
0.67 0.33 0
0.67 0.33 0
0.67 0.33 0
0.67 0.33 0
0.67 0.33 0
0.67 0.33 0
0.67 0.33 0
0.67 0.33 0
0.67 0.33 0
0.67 0.33 0
0.67 0.33 0
0.67 0.33 0
0.67 0.33 0
0.67 0.33 0
0.67 0.33 0
0.67 0.33 0
0.67 0.33 0
0.67 0.33 0
0.67 0.33 0
0.67 0.33 0
0.67 0.33 0
0.67 0.33 0
0.67 0.33 0
0.67 0.33 0
0.67 0.33 0
0.67 0.33 0
0.67 0.33 0
0.67 0.33 0
0.67 0.33 0
0.67 0.33 0
0.67 0.33 0
0.67 0.33 0
0.67 0.33 0
0.67 0.33 0
0.67 0.33 0
0.67 0.33 0
0.67 0.33 0
0.67 0.33 0
0.67 0.33 0
0.67 0.33 0
0.67 0.33 0
0.67 0.33 0
0.67 0.33 0
0.67 0.33 0
0.67 0.33 0
0.67 0.33 0
0.67 0.33 0
0.67 0.33 0
0.67 0.33 0
0.67 0.33 0
0.67 0.33 0
0.67 0.33 0
0.67 0.33 0
0.67 0.33 0
0.67 0.33 0
0.67 0.33 0
0.67 0.33 0
0.67 0.33 0
0.67 0.33 0
0.67 0.33 0
0.67 0.33 0
0.67 0.33 0
0.67 0.33 0
0.67 0.33 0
0.67 0.33 0
0.67 0.33 0
0.67 0.33 0
0.67 0.33 0
0.67 0.33 0
0.67 0.33 0
0.67 0.33 0
0.67 0.33 0
0.67 0.33 0
0.67 0.33 0
0.67 0.33 0
0.67 0.33 0
0.67 0.33 0
0.67 0.33 0
0.67 0.33 0
0.67 0.33 0
0.67 0.33 0
0.67 0.33 0
0.67 0.33 0
0.67 0.33 0
0.67 0.33 0
0.67 0.33 0
0.67 0.33 0
0.67 0.33 0
0.67 0.33 0
0.67 0.33 0
0.67 0.33 0
0.67 0.33 0
0.67 0.33 0
0.67 0.33 0
0.67 0.33 0
0.67 0.33 0
0.67 0.33 0
0.67 0.33 0
0.67 0.33 0
0.67 0.33 0
0.67 0.33 0
0.67 0.33 0
0.67 0.33 0
0.67 0.33 0
0.67 0.33 0
0.67 0.33 0
0.67 0.33 0
0.67 0.33 0
0.67 0.33 0
0.67 0.33 0
0.67 0.33 0
0.67 0.33 0
0.67 0.33 0
0.67 0.33 0
0.67 0.33 0
0.67 0.33 0
0.67 0.33 0
0.67 0.33 0
0.67 0.33 0
0.67 0.33 0
0.67 0.33 0
0.67 0.33 0
0.67 0.33 0
0.67 0.33 0
0.67 0.33 0
0.67 0.33 0
0.67 0.33 0
0.67 0.33 0
0.67 0.33 0
</Weights>
            </BorderPart>
        </Border>
        <Border Name="L_A9m_L" Red="1" Green="0.929412" Blue="1">
            <BorderPart Closed="True">
                <Vertices>1782 1781 2146
1782 2146 2195
1782 2195 2146
1783 2195 2243
2243 2195 2194
2243 2194 2242
2243 2242 2194
2290 2242 2289
2289 2242 2241
2289 2241 2288
2288 2241 2240
2288 2240 2287
2287 2240 2239
2287 2239 2286
2287 2286 2239
2333 2286 2332
2332 2286 2285
2332 2285 2331
2332 2331 2285
2377 2331 2376
2376 2331 2330
2376 2330 2375
2376 2375 2330
2420 2375 2419
2419 2375 2374
2419 2374 2418
2418 2374 2373
2418 2373 2417
2418 2417 2373
2461 2417 2460
2461 2460 2417
2503 2460 2502
2502 2460 2459
2502 2459 2501
2502 2501 2459
2543 2501 2542
2543 2542 2501
2583 2542 2582
2582 2542 2541
2582 2541 2581
2582 2581 2541
2621 2581 2620
2621 2620 2581
2659 2620 2658
2659 2658 2620
2696 2658 2695
2696 2695 2658
2696 2732 2695
2733 2732 2696
2733 2768 2732
2769 2768 2733
2769 2803 2768
2804 2803 2769
2804 2837 2803
2804 2838 2837
2804 2805 2770
2770 2805 2804
2771 2805 2770
2771 2806 2805
2772 2806 2771
2772 2807 2806
2773 2807 2772
2808 2807 2773
2841 2807 2840
2841 2840 2807
2841 2873 2840
2841 2874 2873
2842 2874 2841
2875 2874 2842
2875 2906 2874
1800 2906 2875
1800 1801 2906
29111 1801 29086
29111 29086 29085
29111 29085 29110
29110 29085 29084
29110 29084 29109
29110 29109 29084
29134 29109 29133
29134 29133 29109
29157 29133 29156
29156 29133 29132
29132 29133 29108
29132 29108 29107
29132 29107 29131
29131 29107 29106
29106 29107 29081
29106 29081 29080
29106 29080 29105
29105 29080 29079
29079 29080 29053
29079 29053 29052
29079 29052 29078
29078 29052 29051
29051 29052 29024
29051 29024 29023
29051 29023 29050
29050 29023 29022
29022 29023 28994
29022 28994 28993
29022 28993 29021
29021 28993 28992
28992 28993 28963
28992 28963 28962
28992 28962 28991
28991 28962 28961
28991 28961 28990
28991 28990 28961
29019 28990 29018
29019 29018 28990
29046 29018 29045
29046 29045 29018
29046 29072 29045
29073 29072 29046
29073 29098 29072
29099 29098 29073
29123 29098 29122
29123 29122 29098
29123 29146 29122
29147 29146 29123
29169 29146 29168
29169 29168 29146
29169 29190 29168
29191 29190 29169
29191 29211 29190
29212 29211 29191
29231 29211 29230
29231 29230 29211
29249 29230 29248
29249 29248 29230
29249 29266 29248
29267 29266 29249
29267 29283 29266
29284 29283 29267
29299 29283 29298
29299 29298 29283
29313 29298 29312
29313 29312 29298
29313 29326 29312
29327 29326 29313
29327 29339 29326
29340 29339 29327
29351 29339 29350
29351 29350 29339
29351 29361 29350
29362 29361 29351
29362 29371 29361
29372 29371 29362
29372 29380 29371
29381 29380 29372
29381 29388 29380
29389 29388 29381
29395 29388 29394
29395 29394 29388
29395 29400 29394
29401 29400 29395
29401 29405 29400
29401 1780 29405
29401 1781 29396
29396 1781 29401
</Vertices>
                <Weights>0.67 0.33 0
0.67 0.33 0
0.67 0.33 0
0.67 0.33 0
0.67 0.33 0
0.67 0.33 0
0.67 0.33 0
0.67 0.33 0
0.67 0.33 0
0.67 0.33 0
0.67 0.33 0
0.67 0.33 0
0.67 0.33 0
0.67 0.33 0
0.67 0.33 0
0.67 0.33 0
0.67 0.33 0
0.67 0.33 0
0.67 0.33 0
0.67 0.33 0
0.67 0.33 0
0.67 0.33 0
0.67 0.33 0
0.67 0.33 0
0.67 0.33 0
0.67 0.33 0
0.67 0.33 0
0.67 0.33 0
0.67 0.33 0
0.67 0.33 0
0.67 0.33 0
0.67 0.33 0
0.67 0.33 0
0.67 0.33 0
0.67 0.33 0
0.67 0.33 0
0.67 0.33 0
0.67 0.33 0
0.67 0.33 0
0.67 0.33 0
0.67 0.33 0
0.67 0.33 0
0.67 0.33 0
0.67 0.33 0
0.67 0.33 0
0.67 0.33 0
0.67 0.33 0
0.67 0.33 0
0.67 0.33 0
0.67 0.33 0
0.67 0.33 0
0.67 0.33 0
0.67 0.33 0
0.67 0.33 0
0.67 0.33 0
0.67 0.33 0
0.67 0.33 0
0.67 0.33 0
0.67 0.33 0
0.67 0.33 0
0.67 0.33 0
0.67 0.33 0
0.67 0.33 0
0.67 0.33 0
0.67 0.33 0
0.67 0.33 0
0.67 0.33 0
0.67 0.33 0
0.67 0.33 0
0.67 0.33 0
0.67 0.33 0
0.67 0.33 0
0.67 0.33 0
0.67 0.33 0
0.67 0.33 0
0.67 0.33 0
0.67 0.33 0
0.67 0.33 0
0.67 0.33 0
0.67 0.33 0
0.67 0.33 0
0.67 0.33 0
0.67 0.33 0
0.67 0.33 0
0.67 0.33 0
0.67 0.33 0
0.67 0.33 0
0.67 0.33 0
0.67 0.33 0
0.67 0.33 0
0.67 0.33 0
0.67 0.33 0
0.67 0.33 0
0.67 0.33 0
0.67 0.33 0
0.67 0.33 0
0.67 0.33 0
0.67 0.33 0
0.67 0.33 0
0.67 0.33 0
0.67 0.33 0
0.67 0.33 0
0.67 0.33 0
0.67 0.33 0
0.67 0.33 0
0.67 0.33 0
0.67 0.33 0
0.67 0.33 0
0.67 0.33 0
0.67 0.33 0
0.67 0.33 0
0.67 0.33 0
0.67 0.33 0
0.67 0.33 0
0.67 0.33 0
0.67 0.33 0
0.67 0.33 0
0.67 0.33 0
0.67 0.33 0
0.67 0.33 0
0.67 0.33 0
0.67 0.33 0
0.67 0.33 0
0.67 0.33 0
0.67 0.33 0
0.67 0.33 0
0.67 0.33 0
0.67 0.33 0
0.67 0.33 0
0.67 0.33 0
0.67 0.33 0
0.67 0.33 0
0.67 0.33 0
0.67 0.33 0
0.67 0.33 0
0.67 0.33 0
0.67 0.33 0
0.67 0.33 0
0.67 0.33 0
0.67 0.33 0
0.67 0.33 0
0.67 0.33 0
0.67 0.33 0
0.67 0.33 0
0.67 0.33 0
0.67 0.33 0
0.67 0.33 0
0.67 0.33 0
0.67 0.33 0
0.67 0.33 0
0.67 0.33 0
0.67 0.33 0
0.67 0.33 0
0.67 0.33 0
0.67 0.33 0
0.67 0.33 0
0.67 0.33 0
0.67 0.33 0
0.67 0.33 0
0.67 0.33 0
</Weights>
            </BorderPart>
        </Border>
        <Border Name="L_A10m_L" Red="0.898039" Green="0" Blue="1">
            <BorderPart Closed="True">
                <Vertices>28205 28155 28204
28205 28204 28155
28253 28204 28252
28253 28252 28204
28300 28252 28299
28300 28299 28252
28346 28299 28345
28346 28345 28299
28391 28345 28390
28391 28390 28345
28435 28390 28434
28435 28434 28390
28435 28478 28434
28479 28478 28435
28521 28478 28520
28521 28520 28478
28521 28562 28520
28563 28562 28521
28563 28603 28562
28563 28604 28603
28564 28604 28563
28564 28605 28604
28565 28605 28564
28565 28606 28605
28566 28606 28565
28607 28606 28566
28646 28606 28645
28646 28645 28606
28646 28684 28645
28685 28684 28646
28685 28722 28684
28723 28722 28685
28723 28759 28722
28760 28759 28723
28760 28795 28759
28796 28795 28760
28796 28830 28795
28831 28830 28796
28831 28864 28830
28865 28864 28831
28865 28897 28864
28898 28897 28865
28929 28897 28928
28929 28928 28897
28929 28959 28928
28929 28960 28959
28930 28960 28929
28961 28960 28930
28961 28990 28960
28961 28991 28990
28962 28991 28961
28962 28992 28991
28963 28992 28962
28993 28992 28963
28993 29021 28992
28993 29022 29021
28994 29022 28993
29023 29022 28994
29023 29050 29022
29023 29051 29050
29024 29051 29023
29052 29051 29024
29052 29078 29051
29052 29079 29078
29053 29079 29052
29080 29079 29053
29080 29105 29079
29080 29106 29105
29081 29106 29080
29107 29106 29081
29107 29131 29106
29107 29132 29131
29108 29132 29107
29133 29132 29108
29133 29156 29132
29133 29157 29156
29133 29134 29109
29109 29134 29133
29109 29110 29084
29084 29110 29109
29085 29110 29084
29085 29111 29110
29085 29086 29059
29085 29059 29058
29058 29059 29031
29031 29059 29058
29031 29032 29003
29031 29003 29002
29002 29003 28973
28973 29003 29002
28973 28974 28943
28973 28943 28942
28942 28943 28911
28911 28943 28942
28911 28912 28879
28879 28912 28911
28879 28880 28846
28846 28880 28879
28846 28847 28812
28812 28847 28846
28812 28813 28777
28812 28777 28776
28776 28777 28740
28740 28777 28776
28740 28741 28703
28703 28741 28740
28703 28704 28665
28703 28665 28664
28664 28665 28625
28625 28665 28664
28625 28626 28585
28625 28585 28584
28625 28584 28624
28624 28584 28583
28583 28584 28542
28583 28542 28541
28583 28541 28582
28582 28541 28540
28540 28541 28498
28540 28498 28497
28497 28498 28454
28454 28498 28497
28454 28455 28410
28410 28455 28454
28410 28411 28365
28410 28365 28364
28410 28364 28409
28409 28364 28363
28363 28364 28317
28363 28317 28316
28363 28316 28362
28362 28316 28315
28362 28315 28361
28361 28315 28314
28361 28314 28360
28360 28314 28313
28313 28314 28266
28313 28266 28265
28313 28265 28312
28312 28265 28264
28264 28265 28216
28264 28216 28215
28264 28215 28263
28263 28215 28214
28263 28214 28262
28262 28214 28213
28262 28213 28261
28261 28213 28212
28261 28212 28260
28260 28212 28211
28260 28211 28259
28259 28211 28210
28259 28210 28258
28258 28210 28209
28258 28209 28257
28257 28209 28208
28257 28208 28256
28256 28208 28207
28207 28208 28158
28207 28158 28157
28207 28157 28206
28206 28157 28156
28206 28156 28205
28205 28156 28155
</Vertices>
                <Weights>0.67 0.33 0
0.67 0.33 0
0.67 0.33 0
0.67 0.33 0
0.67 0.33 0
0.67 0.33 0
0.67 0.33 0
0.67 0.33 0
0.67 0.33 0
0.67 0.33 0
0.67 0.33 0
0.67 0.33 0
0.67 0.33 0
0.67 0.33 0
0.67 0.33 0
0.67 0.33 0
0.67 0.33 0
0.67 0.33 0
0.67 0.33 0
0.67 0.33 0
0.67 0.33 0
0.67 0.33 0
0.67 0.33 0
0.67 0.33 0
0.67 0.33 0
0.67 0.33 0
0.67 0.33 0
0.67 0.33 0
0.67 0.33 0
0.67 0.33 0
0.67 0.33 0
0.67 0.33 0
0.67 0.33 0
0.67 0.33 0
0.67 0.33 0
0.67 0.33 0
0.67 0.33 0
0.67 0.33 0
0.67 0.33 0
0.67 0.33 0
0.67 0.33 0
0.67 0.33 0
0.67 0.33 0
0.67 0.33 0
0.67 0.33 0
0.67 0.33 0
0.67 0.33 0
0.67 0.33 0
0.67 0.33 0
0.67 0.33 0
0.67 0.33 0
0.67 0.33 0
0.67 0.33 0
0.67 0.33 0
0.67 0.33 0
0.67 0.33 0
0.67 0.33 0
0.67 0.33 0
0.67 0.33 0
0.67 0.33 0
0.67 0.33 0
0.67 0.33 0
0.67 0.33 0
0.67 0.33 0
0.67 0.33 0
0.67 0.33 0
0.67 0.33 0
0.67 0.33 0
0.67 0.33 0
0.67 0.33 0
0.67 0.33 0
0.67 0.33 0
0.67 0.33 0
0.67 0.33 0
0.67 0.33 0
0.67 0.33 0
0.67 0.33 0
0.67 0.33 0
0.67 0.33 0
0.67 0.33 0
0.67 0.33 0
0.67 0.33 0
0.67 0.33 0
0.67 0.33 0
0.67 0.33 0
0.67 0.33 0
0.67 0.33 0
0.67 0.33 0
0.67 0.33 0
0.67 0.33 0
0.67 0.33 0
0.67 0.33 0
0.67 0.33 0
0.67 0.33 0
0.67 0.33 0
0.67 0.33 0
0.67 0.33 0
0.67 0.33 0
0.67 0.33 0
0.67 0.33 0
0.67 0.33 0
0.67 0.33 0
0.67 0.33 0
0.67 0.33 0
0.67 0.33 0
0.67 0.33 0
0.67 0.33 0
0.67 0.33 0
0.67 0.33 0
0.67 0.33 0
0.67 0.33 0
0.67 0.33 0
0.67 0.33 0
0.67 0.33 0
0.67 0.33 0
0.67 0.33 0
0.67 0.33 0
0.67 0.33 0
0.67 0.33 0
0.67 0.33 0
0.67 0.33 0
0.67 0.33 0
0.67 0.33 0
0.67 0.33 0
0.67 0.33 0
0.67 0.33 0
0.67 0.33 0
0.67 0.33 0
0.67 0.33 0
0.67 0.33 0
0.67 0.33 0
0.67 0.33 0
0.67 0.33 0
0.67 0.33 0
0.67 0.33 0
0.67 0.33 0
0.67 0.33 0
0.67 0.33 0
0.67 0.33 0
0.67 0.33 0
0.67 0.33 0
0.67 0.33 0
0.67 0.33 0
0.67 0.33 0
0.67 0.33 0
0.67 0.33 0
0.67 0.33 0
0.67 0.33 0
0.67 0.33 0
0.67 0.33 0
0.67 0.33 0
0.67 0.33 0
0.67 0.33 0
0.67 0.33 0
0.67 0.33 0
0.67 0.33 0
0.67 0.33 0
0.67 0.33 0
0.67 0.33 0
0.67 0.33 0
0.67 0.33 0
0.67 0.33 0
0.67 0.33 0
0.67 0.33 0
</Weights>
            </BorderPart>
        </Border>
        <Border Name="L_A9/46d_L" Red="0.862745" Green="1" Blue="0">
            <BorderPart Closed="True">
                <Vertices>27840 27839 29112
27840 29112 29087
27840 29087 27841
27841 29087 29061
29061 29087 27841
29061 29062 29035
29035 29062 29061
29035 29036 29008
29035 29008 29007
29007 29008 28979
28979 29008 29007
28979 28980 28950
28950 28980 28979
28950 28951 28920
28920 28951 28950
28920 28921 28889
28920 28889 28888
28888 28889 28856
28888 28856 28855
28855 28856 28822
28855 28822 28821
28855 28821 28854
28854 28821 28820
28820 28821 28786
28820 28786 28785
28785 28786 28750
28785 28750 28749
28785 28749 28784
28784 28749 28748
28748 28749 28712
28712 28749 28748
28712 28713 28675
28712 28675 28674
28712 28674 28711
28711 28674 28673
28673 28674 28635
28673 28635 28634
28634 28635 28595
28634 28595 28594
28594 28595 28554
28594 28554 28553
28594 28553 28593
28593 28553 28552
28552 28553 28511
28552 28511 28510
28552 28510 28551
28551 28510 28509
28509 28510 28467
28509 28467 28466
28466 28467 28423
28466 28423 28422
28466 28422 27859
27859 28422 27860
27859 27860 28422
29423 27860 29422
29422 27860 27861
29422 27861 29421
29422 29421 27861
29476 29421 29475
29476 29475 29421
29529 29475 29528
29528 29475 29474
29528 29474 29527
29528 29527 29474
29580 29527 29579
29580 29579 29527
29631 29579 29630
29631 29630 29579
29631 29681 29630
29682 29681 29631
29682 29731 29681
29732 29731 29682
29732 29780 29731
29781 29780 29732
29781 29828 29780
29781 29829 29828
29782 29829 29781
29830 29829 29782
29830 29876 29829
29877 29876 29830
29877 29922 29876
29923 29922 29877
29967 29922 29966
29967 29966 29922
29967 30010 29966
30011 30010 29967
30011 30053 30010
30011 30054 30053
30012 30054 30011
30012 30055 30054
30013 30055 30012
30056 30055 30013
30056 30097 30055
30098 30097 30056
30098 30138 30097
30098 30139 30138
30099 30139 30098
30140 30139 30099
30140 30179 30139
30140 30180 30179
30140 30141 30100
30100 30141 30140
30101 30141 30100
30101 30142 30141
30102 30142 30101
30102 30143 30142
30103 30143 30102
30103 30144 30143
30104 30144 30103
30104 30145 30144
30105 30145 30104
30105 30146 30145
30105 30106 30064
30064 30106 30105
30065 30106 30064
30107 30106 30065
30107 30147 30106
30107 30148 30147
30107 30108 30066
