<?xml version="1.0" encoding="UTF-8"?>
<BorderFile Version="3" Structure="CORTEX_LEFT" SurfaceNumberOfVertices="130290">
    <MetaData>
        <MD>
            <Name>ParentProvenance</Name>
            <Value>/DATA/232/lqcheng/Human/HCP/05_subjects/100307/MNILinear/Native/100307.L.white.native.surf.gii:
/DATA/232/lqcheng/software/workbench/bin_rh_linux64/../exe_rh_linux64/wb_command -surface-apply-affine /DATA/232/lqcheng/Human/HCP/05_subjects/100307/Native/100307.L.white.native.surf.gii /DATA/232/lqcheng/Human/HCP/05_subjects/100307/mri/c_ras.mat /DATA/232/lqcheng/Human/HCP/05_subjects/100307/Native/100307.L.white.native.surf.gii

/DATA/232/lqcheng/Human/HCP/05_subjects/100307/MNILinear/Native/100307.L.BN_Atlas.native.label.gii:
/DATA/232/lqcheng/software/workbench/bin_rh_linux64/../exe_rh_linux64/wb_command -gifti-label-add-prefix /DATA/232/lqcheng/Human/HCP/05_subjects/100307/MNILinear/Native/100307.L.BN_Atlas.native.label.gii L_ /DATA/232/lqcheng/Human/HCP/05_subjects/100307/MNILinear/Native/100307.L.BN_Atlas.native.label.gii

</Value>
        </MD>
        <MD>
            <Name>ProgramProvenance</Name>
            <Value>Connectome Workbench
Type: Command Line Application
Version: 1.2.3
Qt Compiled Version: 4.8.4
Qt Runtime Version: 4.8.4
Commit: c170db0277de04cb8a5c04fdf96e45adcda47d6d
Commit Date: 2016-08-23 19:08:10 -0500
Compiled with OpenMP: YES
Compiler: g++44 (/usr/bin)
Compiler Version: 4.4.7
Compiled Debug: NO
Operating System: Linux
</Value>
        </MD>
        <MD>
            <Name>Provenance</Name>
            <Value>/DATA/232/lqcheng/software/workbench/bin_rh_linux64/../exe_rh_linux64/wb_command -label-to-border /DATA/232/lqcheng/Human/HCP/05_subjects/100307/MNILinear/Native/100307.L.white.native.surf.gii /DATA/232/lqcheng/Human/HCP/05_subjects/100307/MNILinear/Native/100307.L.BN_Atlas.native.label.gii /DATA/232/lqcheng/Human/HCP/05_subjects/100307/MNILinear/Native/100307.L.BN_Atlas.native.border</Value>
        </MD>
        <MD>
            <Name>WorkingDirectory</Name>
            <Value>/DATA/232/lqcheng/Human/HCP/05_subjects</Value>
        </MD>
    </MetaData>
    <Class Name="100307_L_BN_Atlas" Red="0" Green="0" Blue="0">
        <Border Name="L_A8m_L" Red="0" Green="1" Blue="0">
            <BorderPart Closed="True">
                <Vertices>92628 92627 92644
92628 92644 92627
93784 92644 92628
93794 92644 92660
93794 92660 92644
93794 93806 92660
94822 93806 93794
94828 93806 93816
94828 93816 93806
94828 94829 93816
94828 94837 94829
94836 94837 94828
94836 94844 94837
94843 94844 94836
94852 94844 93841
94852 93841 93854
94852 93854 93841
94851 93854 93853
93853 93854 93867
93853 93867 93854
93853 93866 93867
94860 93866 93853
94868 93866 93878
94868 93878 93866
94868 93883 93878
94872 93883 94868
94872 93887 93883
94875 93887 94872
94875 93895 93887
94875 94878 93895
95929 94878 94875
95930 94878 94879
95930 94879 94878
95930 95938 94879
95930 96985 96984
96984 96985 95930
96984 97995 97983
97983 97995 96984
97983 97996 97995
97983 97984 97996
97983 98861 97984
98860 98861 97983
98860 99674 99667
99667 99674 98860
100517 99674 99667
100517 100525 99674
100524 100525 100517
100524 101390 101379
101379 101390 100524
101389 101390 101379
102204 101390 101389
102204 102215 101390
102203 102215 102204
102214 102215 102203
102214 103022 102215
103021 103022 102214
103021 103039 103022
103021 103038 103020
103020 103038 103021
103037 103038 103020
103037 103785 103038
103037 103784 103036
103036 103784 103037
103036 103783 103019
103019 103783 103036
103766 103783 103019
103766 103765 103018
103018 103765 103017
103018 103017 103001
103001 103017 103000
103001 103000 102198
102198 103000 102197
102198 102197 102182
102182 102197 102198
102182 102999 102197
102992 102999 102182
102992 103752 102999
102992 103741 102975
102975 103741 102992
103725 103741 102975
103725 104495 103741
104479 104495 103725
104479 104480 104471
104471 104480 104479
104471 104472 104480
104471 105270 105269
105269 105270 104471
105262 105270 105269
105262 105263 105270
105262 105988 105987
105987 105988 105262
105987 105979 105978
105978 105979 105971
105971 105979 105978
105971 105972 105979
105971 106668 106660
105971 106660 105963
105963 106660 106659
106659 106660 105963
106651 106660 106659
106651 106652 106647
106647 106652 106651
106647 106648 106652
106647 107391 106648
106647 107390 106644
106644 107390 106647
106644 107384 106630
106630 107384 106644
106630 107379 106613
106630 106613 106631
106631 106613 106614
106614 106613 106597
106614 106597 106598
106614 106598 106597
106615 106598 106599
106599 106598 106615
106599 107359 106598
106599 107360 107359
106600 107360 106599
106600 107361 107360
106600 106601 106617
106617 106601 106600
106617 106618 106601
106635 106618 106617
106636 106618 106619
106636 106619 106618
106636 106637 105919
105919 106637 106636
105920 106637 105919
105920 106638 106637
105920 105921 105937
105937 105921 105920
105938 105921 105937
105938 105922 105921
105938 105939 105196
105196 105939 105922
105196 105922 105184
105196 105184 105185
105196 105185 105184
105196 105197 104388
105196 104388 104387
104387 104388 103639
103639 104388 104387
103639 103640 102890
103639 102890 102889
102889 102890 102881
102889 102881 102880
102889 102880 102081
102081 102880 102070
102070 102880 102071
102070 102071 102062
102070 102062 102061
102070 102061 102069
102069 102061 102060
102060 102061 102055
102060 102055 102054
102054 102055 102046
102054 102046 102045
102045 102046 102035
102045 102035 102034
102034 102035 102045
102034 102854 102853
102853 102854 102034
102845 102854 102853
102845 102846 102832
102845 102832 102831
102831 102832 102845
102831 103595 103594
103594 103595 102831
103594 103579 103578
103594 103578 103593
103593 103578 103577
103593 103577 103592
103592 103577 103576
103576 103577 102814
103576 102814 102813
103576 102813 103575
103575 102813 102812
103575 102812 103564
103564 102812 102801
102801 102812 101991
102801 101991 101981
101981 101991 101990
101981 101990 101980
101980 101990 101170
101980 101170 101168
101168 101170 100332
101168 100332 100329
100329 100332 99507
100329 99507 99504
100329 99504 100325
100325 99504 99503
99503 99504 99498
99503 99498 99504
100324 99498 100321
100321 99498 99493
100321 99493 100318
100321 100318 99493
100321 100317 100320
100320 100317 100321
101159 100317 101155
101155 100317 100313
101155 100313 100312
100312 100313 100309
100312 100309 100313
101154 100309 101150
101150 100309 100305
101150 100305 101146
101146 100305 100301
101146 100301 101141
101141 100301 100300
100300 100301 100296
100300 100296 100295
100295 100296 99465
99465 100296 100295
99465 99466 98591
99465 98591 99466
98595 98591 97647
98595 97647 97649
98595 97649 97647
98603 97649 97658
97658 97649 97659
97658 97659 96634
97658 96634 96633
96633 96634 96645
96645 96634 96633
96646 96634 95622
96646 95622 95632
95632 95622 95621
95632 95621 95631
95631 95621 95620
95631 95620 95630
95631 95630 95620
96644 95630 95631
96659 95630 95643
96659 95643 95630
96659 96660 95643
97686 96660 96659
97687 96660 97686
97687 96671 96660
97687 97701 96671
97688 97701 97687
97688 97702 97701
98626 97702 97688
98640 97702 98626
98640 97703 97702
98641 97703 98640
98641 97715 97703
98656 97715 98641
98656 97716 97715
98657 97716 98656
97729 97716 97717
97729 97717 97716
97730 97717 96681
97730 96681 97717
96682 96681 95664
96682 95664 95665
96682 95665 95664
96687 95665 95668
95668 95665 94741
95668 94741 95665
95668 94742 94741
95669 94742 95668
94747 94742 93707
94747 93707 93713
94747 93713 93707
94748 93713 93714
93714 93713 93720
93720 93713 93719
93720 93719 92551
93720 92551 93719
93720 92562 92551
93728 92562 93720
93740 92562 92575
93740 92575 92562
93741 92575 92576
93741 92576 92575
93750 92576 92588
93750 92588 92576
93757 92588 92599
93757 92599 92588
93766 92599 92613
93766 92613 92599
93774 92613 92627
93774 92627 92613
93775 92627 92628
</Vertices>
                <Weights>0.67 0.33 0
0.67 0.33 0
0.67 0.33 0
0.67 0.33 0
0.67 0.33 0
0.67 0.33 0
0.67 0.33 0
0.67 0.33 0
0.67 0.33 0
0.67 0.33 0
0.67 0.33 0
0.67 0.33 0
0.67 0.33 0
0.67 0.33 0
0.67 0.33 0
0.67 0.33 0
0.67 0.33 0
0.67 0.33 0
0.67 0.33 0
0.67 0.33 0
0.67 0.33 0
0.67 0.33 0
0.67 0.33 0
0.67 0.33 0
0.67 0.33 0
0.67 0.33 0
0.67 0.33 0
0.67 0.33 0
0.67 0.33 0
0.67 0.33 0
0.67 0.33 0
0.67 0.33 0
0.67 0.33 0
0.67 0.33 0
0.67 0.33 0
0.67 0.33 0
0.67 0.33 0
0.67 0.33 0
0.67 0.33 0
0.67 0.33 0
0.67 0.33 0
0.67 0.33 0
0.67 0.33 0
0.67 0.33 0
0.67 0.33 0
0.67 0.33 0
0.67 0.33 0
0.67 0.33 0
0.67 0.33 0
0.67 0.33 0
0.67 0.33 0
0.67 0.33 0
0.67 0.33 0
0.67 0.33 0
0.67 0.33 0
0.67 0.33 0
0.67 0.33 0
0.67 0.33 0
0.67 0.33 0
0.67 0.33 0
0.67 0.33 0
0.67 0.33 0
0.67 0.33 0
0.67 0.33 0
0.67 0.33 0
0.67 0.33 0
0.67 0.33 0
0.67 0.33 0
0.67 0.33 0
0.67 0.33 0
0.67 0.33 0
0.67 0.33 0
0.67 0.33 0
0.67 0.33 0
0.67 0.33 0
0.67 0.33 0
0.67 0.33 0
0.67 0.33 0
0.67 0.33 0
0.67 0.33 0
0.67 0.33 0
0.67 0.33 0
0.67 0.33 0
0.67 0.33 0
0.67 0.33 0
0.67 0.33 0
0.67 0.33 0
0.67 0.33 0
0.67 0.33 0
0.67 0.33 0
0.67 0.33 0
0.67 0.33 0
0.67 0.33 0
0.67 0.33 0
0.67 0.33 0
0.67 0.33 0
0.67 0.33 0
0.67 0.33 0
0.67 0.33 0
0.67 0.33 0
0.67 0.33 0
0.67 0.33 0
0.67 0.33 0
0.67 0.33 0
0.67 0.33 0
0.67 0.33 0
0.67 0.33 0
0.67 0.33 0
0.67 0.33 0
0.67 0.33 0
0.67 0.33 0
0.67 0.33 0
0.67 0.33 0
0.67 0.33 0
0.67 0.33 0
0.67 0.33 0
0.67 0.33 0
0.67 0.33 0
0.67 0.33 0
0.67 0.33 0
0.67 0.33 0
0.67 0.33 0
0.67 0.33 0
0.67 0.33 0
0.67 0.33 0
0.67 0.33 0
0.67 0.33 0
0.67 0.33 0
0.67 0.33 0
0.67 0.33 0
0.67 0.33 0
0.67 0.33 0
0.67 0.33 0
0.67 0.33 0
0.67 0.33 0
0.67 0.33 0
0.67 0.33 0
0.67 0.33 0
0.67 0.33 0
0.67 0.33 0
0.67 0.33 0
0.67 0.33 0
0.67 0.33 0
0.67 0.33 0
0.67 0.33 0
0.67 0.33 0
0.67 0.33 0
0.67 0.33 0
0.67 0.33 0
0.67 0.33 0
0.67 0.33 0
0.67 0.33 0
0.67 0.33 0
0.67 0.33 0
0.67 0.33 0
0.67 0.33 0
0.67 0.33 0
0.67 0.33 0
0.67 0.33 0
0.67 0.33 0
0.67 0.33 0
0.67 0.33 0
0.67 0.33 0
0.67 0.33 0
0.67 0.33 0
0.67 0.33 0
0.67 0.33 0
0.67 0.33 0
0.67 0.33 0
0.67 0.33 0
0.67 0.33 0
0.67 0.33 0
0.67 0.33 0
0.67 0.33 0
0.67 0.33 0
0.67 0.33 0
0.67 0.33 0
0.67 0.33 0
0.67 0.33 0
0.67 0.33 0
0.67 0.33 0
0.67 0.33 0
0.67 0.33 0
0.67 0.33 0
0.67 0.33 0
0.67 0.33 0
0.67 0.33 0
0.67 0.33 0
0.67 0.33 0
0.67 0.33 0
0.67 0.33 0
0.67 0.33 0
0.67 0.33 0
0.67 0.33 0
0.67 0.33 0
0.67 0.33 0
0.67 0.33 0
0.67 0.33 0
0.67 0.33 0
0.67 0.33 0
0.67 0.33 0
0.67 0.33 0
0.67 0.33 0
0.67 0.33 0
0.67 0.33 0
0.67 0.33 0
0.67 0.33 0
0.67 0.33 0
0.67 0.33 0
0.67 0.33 0
0.67 0.33 0
0.67 0.33 0
0.67 0.33 0
0.67 0.33 0
0.67 0.33 0
0.67 0.33 0
0.67 0.33 0
0.67 0.33 0
0.67 0.33 0
0.67 0.33 0
0.67 0.33 0
0.67 0.33 0
0.67 0.33 0
0.67 0.33 0
0.67 0.33 0
0.67 0.33 0
0.67 0.33 0
0.67 0.33 0
0.67 0.33 0
0.67 0.33 0
0.67 0.33 0
0.67 0.33 0
0.67 0.33 0
0.67 0.33 0
0.67 0.33 0
0.67 0.33 0
0.67 0.33 0
0.67 0.33 0
0.67 0.33 0
0.67 0.33 0
0.67 0.33 0
0.67 0.33 0
0.67 0.33 0
0.67 0.33 0
0.67 0.33 0
0.67 0.33 0
0.67 0.33 0
0.67 0.33 0
0.67 0.33 0
0.67 0.33 0
0.67 0.33 0
0.67 0.33 0
0.67 0.33 0
0.67 0.33 0
0.67 0.33 0
0.67 0.33 0
0.67 0.33 0
0.67 0.33 0
0.67 0.33 0
0.67 0.33 0
0.67 0.33 0
0.67 0.33 0
0.67 0.33 0
0.67 0.33 0
0.67 0.33 0
0.67 0.33 0
0.67 0.33 0
0.67 0.33 0
0.67 0.33 0
0.67 0.33 0
0.67 0.33 0
0.67 0.33 0
0.67 0.33 0
0.67 0.33 0
0.67 0.33 0
0.67 0.33 0
0.67 0.33 0
0.67 0.33 0
0.67 0.33 0
0.67 0.33 0
0.67 0.33 0
0.67 0.33 0
0.67 0.33 0
0.67 0.33 0
0.67 0.33 0
0.67 0.33 0
</Weights>
            </BorderPart>
        </Border>
        <Border Name="L_A8dl_L" Red="1" Green="0" Blue="0">
            <BorderPart Closed="True">
                <Vertices>89281 88188 89271
89281 89271 88188
90346 89271 90336
90346 90336 89271
90347 90336 90337
90347 90337 90336
90347 91498 90337
91507 91498 90347
91508 91498 91499
91499 91498 91489
91499 91489 91490
91499 91490 91489
92646 91490 92645
92646 92645 91490
92646 92629 92630
92646 92630 92629
93776 92630 93768
93776 93768 92630
93776 94796 93768
94804 94796 93776
94797 94796 94788
94797 94788 94796
95730 94788 95719
95730 95719 94788
96733 95719 96724
96733 96724 95719
96734 96724 96725
96734 96725 96724
97822 96725 97810
97822 97810 96725
97811 97810 96715
97811 96715 96716
97811 96716 96715
97812 96716 96717
96717 96716 96708
96717 96708 96716
97801 96708 96709
96709 96708 96703
96703 96708 96702
96703 96702 96698
96698 96702 96697
96698 96697 95676
96698 95676 95677
96698 95677 96692
96692 95677 95672
96692 95672 96691
96692 96691 95672
97759 96691 97744
97759 97744 96691
98680 97744 98672
98680 98672 97744
98671 98672 97743
98671 97743 98672
98671 97758 97743
98679 97758 98671
97773 97758 97772
97772 97758 97757
97772 97757 97771
97772 97771 97757
97785 97771 97784
97784 97771 97770
97784 97770 97783
97784 97783 97770
97797 97783 97796
97796 97783 97782
97796 97782 97795
97796 97795 97782
97807 97795 97806
97806 97795 97794
97806 97794 97795
98722 97794 98708
98708 97794 97793
98708 97793 98707
98708 98707 97793
99531 98707 99530
99530 98707 98706
99530 98706 99529
99530 99529 98706
100348 99529 100347
100347 99529 99521
99521 99529 98696
99521 98696 98695
99521 98695 99520
99520 98695 98686
99520 98686 99513
99513 98686 98685
99513 98685 99512
99512 98685 98677
99512 98677 99508
99508 98677 98676
99508 98676 99507
99507 98676 98668
99507 98668 99504
99507 99504 98668
99507 100329 99504
100332 100329 99507
100332 101168 100329
101170 101168 100332
101170 101980 101168
101990 101980 101170
101990 101981 101980
101991 101981 101990
101991 102801 101981
102812 102801 101991
102812 103564 102801
102812 103575 103564
102813 103575 102812
102813 103576 103575
102814 103576 102813
103577 103576 102814
103577 103592 103576
103577 103593 103592
103578 103593 103577
103578 103594 103593
103579 103594 103578
103595 103594 102831
103595 102831 103594
102832 102831 102845
102832 102845 102831
102846 102845 102832
102854 102845 102853
102854 102853 102034
102854 102034 102853
102035 102034 102045
102035 102045 102034
102046 102045 102035
102046 102054 102045
102055 102054 102046
102055 102060 102054
102061 102060 102055
102061 102069 102060
102061 102070 102069
102062 102070 102061
102071 102070 102062
102880 102070 102071
102880 102081 102070
102880 102889 102081
102881 102889 102880
102890 102889 102881
102890 103639 102889
103640 103639 102890
104388 103639 104387
104388 104387 103639
104388 105196 104387
105197 105196 104388
105185 105196 105184
105185 105184 105196
105185 105922 105184
105923 105922 105185
105905 105922 105904
105905 105904 105922
105905 106623 105904
106624 106623 105905
107376 106623 107375
107376 107375 106623
108079 107375 108078
108079 108078 107375
108739 108078 108079
108089 108078 108088
108089 108088 108078
108748 108088 108747
108748 108747 108088
109459 108747 109458
109459 109458 108747
110142 109458 110141
110142 110141 109458
110866 110141 110865
110866 110865 110141
110873 110865 110866
111660 110865 111653
111660 111653 110865
111660 112447 111653
112450 112447 111660
112450 113234 112447
113241 113234 112450
113241 114054 113234
114061 114054 113241
114864 114054 114863
114863 114054 114053
114863 114053 114054
114868 114053 114060
114868 114060 114053
114868 114875 114060
114876 114875 114868
114884 114875 114883
114884 114883 114875
114884 114893 114883
114894 114893 114884
114894 114901 114893
114902 114901 114894
114912 114901 114099
114912 114099 114901
114912 114100 114099
114913 114100 114912
114110 114100 114109
114110 114109 114100
114923 114109 114110
114923 114120 114109
114933 114120 114923
114933 114932 114120
114933 114940 114932
114941 114940 114933
114941 115604 114940
115605 115604 114941
115612 115604 115611
115612 115611 115604
115612 116271 115611
116272 116271 115612
116272 116275 116271
116276 116275 116272
116276 116919 116275
116920 116919 116276
116920 116926 116279
116279 116926 116920
116283 116926 116279
116932 116926 116283
116932 117565 116926
117566 117565 116932
117566 118219 117565
118220 118219 117566
118220 118883 118219
118894 118883 118220
118895 118883 118884
118884 118883 118895
118884 119522 118883
119523 119522 118884
119523 119512 119522
119523 119513 119512
119524 119513 119523
119514 119513 119504
119514 119504 119513
119514 119505 119504
119515 119505 119514
119515 119506 119505
119516 119506 118865
118865 119506 118866
118865 118866 118877
118877 118866 118211
118877 118211 118866
118222 118211 118212
118222 118212 118211
118222 118223 117568
118222 117568 117567
117567 117568 116934
117567 116934 117568
117576 116934 116945
116945 116934 116295
116295 116934 116285
116295 116285 116286
116295 116286 116285
116295 116296 115630
116295 115630 116296
116306 115630 115639
115639 115630 115640
115639 115640 114965
114965 115640 115639
114976 115640 114965
114976 115651 115640
114976 114977 114190
114190 114977 114976
114203 114977 114190
114203 114982 114977
114203 114204 113385
113385 114204 114203
113385 113386 112590
113385 112590 112589
112589 112590 111806
111806 112590 112589
111806 111807 111023
111023 111807 111806
111023 111024 111039
111039 111024 110282
111039 110282 110301
110301 110282 110302
110301 110302 109629
110301 109629 109628
109628 109629 108909
108909 109629 109628
108909 109630 109629
108909 108910 108255
108255 108910 108909
108255 108256 108240
108240 108256 108255
108240 108241 107568
108240 107568 107567
107567 107568 107551
107567 107551 107550
107550 107551 106819
107550 106819 106818
106818 106819 106795
106818 106795 106794
106794 106795 106081
106794 106081 106080
106080 106081 106070
106080 106070 106069
106069 106070 105343
105343 106070 106069
105343 105344 104541
104541 105344 105343
104541 104542 104565
104565 104542 103789
104565 103789 103816
103816 103789 103817
103816 103817 103056
103056 103817 103816
103056 103057 103070
103070 103057 103056
103070 103071 102251
103070 102251 102250
102250 102251 101431
101431 102251 102250
101431 101432 101423
101423 101432 101431
101424 101432 100555
101424 100555 100554
100554 100555 100547
100547 100555 99697
100547 99697 99691
99691 99697 99692
99691 99692 99685
99685 99692 98878
99685 98878 98871
98871 98878 98009
98871 98009 97997
98871 97997 98863
98863 97997 97985
98863 97985 98855
98855 97985 97974
98855 97974 98848
98848 97974 97967
98848 97967 98847
98847 97967 97966
97966 97967 97958
97958 97967 97966
97958 97959 97945
97945 97959 97958
97945 97946 97927
97945 97927 96877
97945 96877 96902
96902 96877 95854
96902 95854 96877
95853 95854 95872
95853 95872 95871
95871 95872 94863
95871 94863 94862
94862 94863 93869
94862 93869 93868
93868 93869 92759
93868 92759 92741
93868 92741 93856
93856 92741 92726
92726 92741 91535
92726 91535 91534
92726 91534 92725
92725 91534 91527
91527 91534 90376
90376 91534 91527
90376 90385 89317
90376 89317 89306
90376 89306 90375
90375 89306 89305
89305 89306 88217
89305 88217 88216
89305 88216 89304
89305 89304 88216
89293 89304 88215
89293 88215 88202
89293 88202 89292
89292 88202 88201
89292 88201 89281
89281 88201 88188
</Vertices>
                <Weights>0.67 0.33 0
0.67 0.33 0
0.67 0.33 0
0.67 0.33 0
0.67 0.33 0
0.67 0.33 0
0.67 0.33 0
0.67 0.33 0
0.67 0.33 0
0.67 0.33 0
0.67 0.33 0
0.67 0.33 0
0.67 0.33 0
0.67 0.33 0
0.67 0.33 0
0.67 0.33 0
0.67 0.33 0
0.67 0.33 0
0.67 0.33 0
0.67 0.33 0
0.67 0.33 0
0.67 0.33 0
0.67 0.33 0
0.67 0.33 0
0.67 0.33 0
0.67 0.33 0
0.67 0.33 0
0.67 0.33 0
0.67 0.33 0
0.67 0.33 0
0.67 0.33 0
0.67 0.33 0
0.67 0.33 0
0.67 0.33 0
0.67 0.33 0
0.67 0.33 0
0.67 0.33 0
0.67 0.33 0
0.67 0.33 0
0.67 0.33 0
0.67 0.33 0
0.67 0.33 0
0.67 0.33 0
0.67 0.33 0
0.67 0.33 0
0.67 0.33 0
0.67 0.33 0
0.67 0.33 0
0.67 0.33 0
0.67 0.33 0
0.67 0.33 0
0.67 0.33 0
0.67 0.33 0
0.67 0.33 0
0.67 0.33 0
0.67 0.33 0
0.67 0.33 0
0.67 0.33 0
0.67 0.33 0
0.67 0.33 0
0.67 0.33 0
0.67 0.33 0
0.67 0.33 0
0.67 0.33 0
0.67 0.33 0
0.67 0.33 0
0.67 0.33 0
0.67 0.33 0
0.67 0.33 0
0.67 0.33 0
0.67 0.33 0
0.67 0.33 0
0.67 0.33 0
0.67 0.33 0
0.67 0.33 0
0.67 0.33 0
0.67 0.33 0
0.67 0.33 0
0.67 0.33 0
0.67 0.33 0
0.67 0.33 0
0.67 0.33 0
0.67 0.33 0
0.67 0.33 0
0.67 0.33 0
0.67 0.33 0
0.67 0.33 0
0.67 0.33 0
0.67 0.33 0
0.67 0.33 0
0.67 0.33 0
0.67 0.33 0
0.67 0.33 0
0.67 0.33 0
0.67 0.33 0
0.67 0.33 0
0.67 0.33 0
0.67 0.33 0
0.67 0.33 0
0.67 0.33 0
0.67 0.33 0
0.67 0.33 0
0.67 0.33 0
0.67 0.33 0
0.67 0.33 0
0.67 0.33 0
0.67 0.33 0
0.67 0.33 0
0.67 0.33 0
0.67 0.33 0
0.67 0.33 0
0.67 0.33 0
0.67 0.33 0
0.67 0.33 0
0.67 0.33 0
0.67 0.33 0
0.67 0.33 0
0.67 0.33 0
0.67 0.33 0
0.67 0.33 0
0.67 0.33 0
0.67 0.33 0
0.67 0.33 0
0.67 0.33 0
0.67 0.33 0
0.67 0.33 0
0.67 0.33 0
0.67 0.33 0
0.67 0.33 0
0.67 0.33 0
0.67 0.33 0
0.67 0.33 0
0.67 0.33 0
0.67 0.33 0
0.67 0.33 0
0.67 0.33 0
0.67 0.33 0
0.67 0.33 0
0.67 0.33 0
0.67 0.33 0
0.67 0.33 0
0.67 0.33 0
0.67 0.33 0
0.67 0.33 0
0.67 0.33 0
0.67 0.33 0
0.67 0.33 0
0.67 0.33 0
0.67 0.33 0
0.67 0.33 0
0.67 0.33 0
0.67 0.33 0
0.67 0.33 0
0.67 0.33 0
0.67 0.33 0
0.67 0.33 0
0.67 0.33 0
0.67 0.33 0
0.67 0.33 0
0.67 0.33 0
0.67 0.33 0
0.67 0.33 0
0.67 0.33 0
0.67 0.33 0
0.67 0.33 0
0.67 0.33 0
0.67 0.33 0
0.67 0.33 0
0.67 0.33 0
0.67 0.33 0
0.67 0.33 0
0.67 0.33 0
0.67 0.33 0
0.67 0.33 0
0.67 0.33 0
0.67 0.33 0
0.67 0.33 0
0.67 0.33 0
0.67 0.33 0
0.67 0.33 0
0.67 0.33 0
0.67 0.33 0
0.67 0.33 0
0.67 0.33 0
0.67 0.33 0
0.67 0.33 0
0.67 0.33 0
0.67 0.33 0
0.67 0.33 0
0.67 0.33 0
0.67 0.33 0
0.67 0.33 0
0.67 0.33 0
0.67 0.33 0
0.67 0.33 0
0.67 0.33 0
0.67 0.33 0
0.67 0.33 0
0.67 0.33 0
0.67 0.33 0
0.67 0.33 0
0.67 0.33 0
0.67 0.33 0
0.67 0.33 0
0.67 0.33 0
0.67 0.33 0
0.67 0.33 0
0.67 0.33 0
0.67 0.33 0
0.67 0.33 0
0.67 0.33 0
0.67 0.33 0
0.67 0.33 0
0.67 0.33 0
0.67 0.33 0
0.67 0.33 0
0.67 0.33 0
0.67 0.33 0
0.67 0.33 0
0.67 0.33 0
0.67 0.33 0
0.67 0.33 0
0.67 0.33 0
0.67 0.33 0
0.67 0.33 0
0.67 0.33 0
0.67 0.33 0
0.67 0.33 0
0.67 0.33 0
0.67 0.33 0
0.67 0.33 0
0.67 0.33 0
0.67 0.33 0
0.67 0.33 0
0.67 0.33 0
0.67 0.33 0
0.67 0.33 0
0.67 0.33 0
0.67 0.33 0
0.67 0.33 0
0.67 0.33 0
0.67 0.33 0
0.67 0.33 0
0.67 0.33 0
0.67 0.33 0
0.67 0.33 0
0.67 0.33 0
0.67 0.33 0
0.67 0.33 0
0.67 0.33 0
0.67 0.33 0
0.67 0.33 0
0.67 0.33 0
0.67 0.33 0
0.67 0.33 0
0.67 0.33 0
0.67 0.33 0
0.67 0.33 0
0.67 0.33 0
0.67 0.33 0
0.67 0.33 0
0.67 0.33 0
0.67 0.33 0
0.67 0.33 0
0.67 0.33 0
0.67 0.33 0
0.67 0.33 0
0.67 0.33 0
0.67 0.33 0
0.67 0.33 0
0.67 0.33 0
0.67 0.33 0
0.67 0.33 0
0.67 0.33 0
0.67 0.33 0
0.67 0.33 0
0.67 0.33 0
0.67 0.33 0
0.67 0.33 0
0.67 0.33 0
0.67 0.33 0
0.67 0.33 0
0.67 0.33 0
0.67 0.33 0
0.67 0.33 0
0.67 0.33 0
0.67 0.33 0
0.67 0.33 0
0.67 0.33 0
0.67 0.33 0
0.67 0.33 0
0.67 0.33 0
0.67 0.33 0
0.67 0.33 0
0.67 0.33 0
0.67 0.33 0
0.67 0.33 0
0.67 0.33 0
0.67 0.33 0
0.67 0.33 0
0.67 0.33 0
0.67 0.33 0
0.67 0.33 0
0.67 0.33 0
0.67 0.33 0
0.67 0.33 0
0.67 0.33 0
0.67 0.33 0
0.67 0.33 0
0.67 0.33 0
0.67 0.33 0
0.67 0.33 0
0.67 0.33 0
0.67 0.33 0
0.67 0.33 0
0.67 0.33 0
0.67 0.33 0
0.67 0.33 0
0.67 0.33 0
0.67 0.33 0
0.67 0.33 0
0.67 0.33 0
0.67 0.33 0
0.67 0.33 0
0.67 0.33 0
0.67 0.33 0
0.67 0.33 0
0.67 0.33 0
0.67 0.33 0
0.67 0.33 0
0.67 0.33 0
0.67 0.33 0
0.67 0.33 0
0.67 0.33 0
0.67 0.33 0
0.67 0.33 0
0.67 0.33 0
0.67 0.33 0
0.67 0.33 0
0.67 0.33 0
0.67 0.33 0
0.67 0.33 0
0.67 0.33 0
0.67 0.33 0
0.67 0.33 0
0.67 0.33 0
0.67 0.33 0
0.67 0.33 0
0.67 0.33 0
0.67 0.33 0
0.67 0.33 0
0.67 0.33 0
0.67 0.33 0
0.67 0.33 0
0.67 0.33 0
0.67 0.33 0
0.67 0.33 0
0.67 0.33 0
0.67 0.33 0
0.67 0.33 0
0.67 0.33 0
0.67 0.33 0
0.67 0.33 0
0.67 0.33 0
0.67 0.33 0
0.67 0.33 0
0.67 0.33 0
0.67 0.33 0
0.67 0.33 0
0.67 0.33 0
0.67 0.33 0
</Weights>
            </BorderPart>
        </Border>
        <Border Name="L_A9l_L" Red="1" Green="0.482353" Blue="0.862745">
            <BorderPart Closed="True">
                <Vertices>105184 105185 105196
105184 105196 105185
105922 105196 105184
105939 105196 105922
105939 105938 105196
105922 105938 105921
105921 105938 105937
105921 105937 105920
105921 105920 105937
106638 105920 106637
106637 105920 105919
106637 105919 106636
106637 106636 105919
106619 106636 106618
106618 106636 106619
106618 106635 106617
106618 106617 106601
106601 106617 106600
106601 106600 106617
107361 106600 107360
107361 107360 106600
107347 107360 107346
107347 107346 107336
107336 107346 107335
107336 107335 107328
107328 107335 107336
107328 108042 107335
108033 108042 107328
108033 108041 108032
108032 108041 108033
108032 108706 108705
108705 108706 108032
108705 109424 108706
109423 109424 108705
109423 110109 109424
110108 110109 109423
110108 110114 110109
110835 110114 110108
110835 110841 110114
110840 110841 110835
111636 110841 110840
111636 111637 110841
111640 111637 111636
111640 111641 111637
112432 111641 111640
112432 112433 111641
112432 112438 112433
113212 112438 112432
113212 113219 112438
114044 113219 113212
114044 114049 113219
114861 114049 114044
114861 114865 114049
115555 114865 114861
115555 115557 114865
116241 115557 115555
116241 116244 115557
116887 116244 116241
116887 116890 116244
117516 116890 116887
117516 117519 116890
118163 117519 117516
118168 117519 118163
118168 117520 117519
118169 117520 118168
118169 117523 117520
118172 117523 118169
118172 117526 117523
118172 118175 117526
118832 118175 118172
118837 118175 118177
118837 118177 118175
118837 118842 118177
119473 118842 118837
119476 118842 119473
119476 119481 118842
120067 119481 119476
120067 120068 119481
120067 120073 120068
120634 120073 120067
120634 120644 120073
121192 120644 120634
121192 121196 120644
121729 121196 121192
121729 121730 121196
121729 121733 121730
122341 121733 121729
122341 122345 121733
122957 122345 122341
122957 122965 122345
123564 122965 122957
123573 122965 123564
123573 122974 122965
123573 123581 122974
124129 123581 123573
124129 124132 123581
124642 124132 124129
124645 124132 124135
124645 124135 124132
124645 124648 124135
125159 124648 124645
125160 124648 124649
125160 124649 124648
125166 124649 124655
125166 124655 124649
125166 125171 124655
125167 125171 125166
125167 125172 125171
125671 125172 125167
125676 125172 125671
125676 125173 125172
125676 125677 125173
125672 125677 125676
125673 125677 125672
125673 125678 125677
126157 125678 125673
126157 126161 125678
126158 126161 126157
126158 126162 126161
126158 126588 126585
126585 126588 126158
126586 126588 126585
126589 126588 126586
126589 126994 126588
126995 126994 126589
126997 126994 126995
126997 127404 126994
127405 127404 126997
127408 127404 127407
127408 127407 127404
127771 127407 127770
127771 127770 127407
128102 127770 128101
128102 128101 127770
128108 128101 128107
128108 128107 128101
128115 128107 128114
128115 128114 127784
127784 128114 127783
127784 127783 127791
127784 127791 127783
127792 127791 127428
127428 127791 127427
127428 127427 127434
127434 127427 127428
127434 127798 127427
127434 127797 127433
127434 127433 127439
127434 127439 127433
127440 127439 127434
127444 127439 127440
127444 127806 127439
127807 127806 127444
127807 128131 127806
128133 128131 127807
128133 128451 128131
128458 128451 128133
128459 128451 128452
128452 128451 128459
128452 128787 128451
128452 128788 128787
128453 128788 128452
128453 128789 128788
128454 128789 128453
128790 128789 128454
128790 128793 128789
128794 128793 128790
128794 128798 128793
128799 128798 128794
128799 128803 128798
128799 128804 128477
128799 128477 128469
128469 128477 128478
128469 128478 128477
128470 128478 128469
128470 128479 128478
128471 128479 128154
128471 128154 128146
128146 128154 128155
128146 128155 128154
128147 128155 128146
128156 128155 128147
128156 128166 128155
128156 128167 128166
128157 128167 128156
128157 128168 128167
128157 128158 127834
128157 127834 127829
127829 127834 127830
127829 127830 127462
127462 127830 127829
127462 127463 127472
127462 127472 127471
127471 127472 127058
127471 127058 127057
127057 127058 127067
127057 127067 127066
127066 127067 126653
126653 127067 127066
126653 126654 126232
126653 126232 126231
126231 126232 125764
125764 126232 126231
125764 125765 125269
125269 125765 125764
125270 125765 125269
125270 125772 125765
125270 125284 125271
125271 125284 125270
125271 125285 124770
124770 125285 125271
124770 124784 124771
124771 124784 124770
124771 124785 124784
124771 124772 124760
124771 124760 124759
124759 124760 124748
124759 124748 124747
124747 124748 124732
124747 124732 124731
124731 124732 124721
124721 124732 124731
124721 125230 125229
125229 125230 124721
125229 125738 125724
125724 125738 125229
125724 125725 125708
125724 125708 125707
125707 125708 125199
125199 125708 125707
125199 125200 124692
125199 124692 124691
124691 124692 124703
124703 124692 124691
124703 124704 124191
124191 124704 124703
124191 124192 123665
124191 123665 123664
123664 123665 123677
123664 123677 123665
123676 123677 123072
123676 123072 123071
123676 123071 123675
123675 123071 123070
123070 123071 122490
123070 122490 122479
123070 122479 123061
123061 122479 122478
122478 122479 121877
122478 121877 121876
121876 121877 121865
121865 121877 121876
121865 121866 121852
121865 121852 121851
121851 121852 121835
121851 121835 121834
121834 121835 121822
121834 121822 121821
121821 121822 121812
121812 121822 121821
121812 122419 122418
122418 122419 121812
122410 122419 122418
122411 122419 122410
122411 123026 122419
123020 123026 122411
123020 123021 123026
123622 123021 123020
123623 123021 123015
123623 123015 123618
123618 123015 123005
123618 123005 123611
123611 123005 123006
123611 123006 123005
123612 123006 123611
123612 123007 123006
123613 123007 122995
123613 122995 123603
123603 122995 122986
122986 122995 122987
122986 122987 122373
122986 122373 122372
122372 122373 121758
122372 121758 121757
121757 121758 121226
121757 121226 121220
121220 121226 121221
121220 121221 120684
120684 121221 121220
120684 120685 120090
120684 120090 120089
120089 120090 120086
120089 120086 120085
120085 120086 120082
120082 120086 119507
120082 119507 119506
119506 119507 118866
119506 118866 118865
119506 118865 118866
119506 119516 118865
119506 119515 119505
119505 119515 119514
119505 119514 119504
119504 119514 119513
119513 119514 119504
119513 119524 119523
119513 119523 119512
119512 119523 119522
119522 119523 118884
119522 118884 118883
118883 118884 118895
118883 118895 118884
118883 118894 118220
118883 118220 118219
118219 118220 117566
118219 117566 117565
117565 117566 116932
117565 116932 116926
116926 116932 116283
116926 116283 116279
116926 116279 116920
116926 116920 116279
116919 116920 116276
116919 116276 116275
116275 116276 116272
116275 116272 116271
116271 116272 115612
116271 115612 115611
115611 115612 115604
115604 115612 115611
115604 115605 114941
115604 114941 114940
114940 114941 114933
114940 114933 114932
114932 114933 114120
114120 114933 114923
114120 114923 114109
114109 114923 114110
114109 114110 114100
114100 114110 114109
114100 114913 114912
114100 114912 114099
114099 114912 114901
114901 114912 114099
114901 114902 114894
114901 114894 114893
114893 114894 114884
114893 114884 114883
114883 114884 114875
114875 114884 114883
114875 114876 114868
114875 114868 114060
114060 114868 114053
114053 114868 114060
114053 114863 114054
114054 114863 114053
114054 114864 114863
114054 114061 113241
114054 113241 113234
113234 113241 112450
113234 112450 112447
112447 112450 111660
112447 111660 111653
111653 111660 110865
110865 111660 111653
110865 110873 110866
110865 110866 110141
110141 110866 110865
110141 110142 109458
109458 110142 110141
109458 109459 108747
108747 109459 109458
108747 108748 108088
108088 108748 108747
108088 108089 108078
108078 108089 108088
108078 108739 108079
108078 108079 107375
107375 108079 108078
107375 107376 106623
106623 107376 107375
106623 106624 105905
106623 105905 105904
105904 105905 105922
105922 105905 105904
105922 105923 105185
105922 105185 105184
</Vertices>
                <Weights>0.67 0.33 0
0.67 0.33 0
0.67 0.33 0
0.67 0.33 0
0.67 0.33 0
0.67 0.33 0
0.67 0.33 0
0.67 0.33 0
0.67 0.33 0
0.67 0.33 0
0.67 0.33 0
0.67 0.33 0
0.67 0.33 0
0.67 0.33 0
0.67 0.33 0
0.67 0.33 0
0.67 0.33 0
0.67 0.33 0
0.67 0.33 0
0.67 0.33 0
0.67 0.33 0
0.67 0.33 0
0.67 0.33 0
0.67 0.33 0
0.67 0.33 0
0.67 0.33 0
0.67 0.33 0
0.67 0.33 0
0.67 0.33 0
0.67 0.33 0
0.67 0.33 0
0.67 0.33 0
0.67 0.33 0
0.67 0.33 0
0.67 0.33 0
0.67 0.33 0
0.67 0.33 0
0.67 0.33 0
0.67 0.33 0
0.67 0.33 0
0.67 0.33 0
0.67 0.33 0
0.67 0.33 0
0.67 0.33 0
0.67 0.33 0
0.67 0.33 0
0.67 0.33 0
0.67 0.33 0
0.67 0.33 0
0.67 0.33 0
0.67 0.33 0
0.67 0.33 0
0.67 0.33 0
0.67 0.33 0
0.67 0.33 0
0.67 0.33 0
0.67 0.33 0
0.67 0.33 0
0.67 0.33 0
0.67 0.33 0
0.67 0.33 0
0.67 0.33 0
0.67 0.33 0
0.67 0.33 0
0.67 0.33 0
0.67 0.33 0
0.67 0.33 0
0.67 0.33 0
0.67 0.33 0
0.67 0.33 0
0.67 0.33 0
0.67 0.33 0
0.67 0.33 0
0.67 0.33 0
0.67 0.33 0
0.67 0.33 0
0.67 0.33 0
0.67 0.33 0
0.67 0.33 0
0.67 0.33 0
0.67 0.33 0
0.67 0.33 0
0.67 0.33 0
0.67 0.33 0
0.67 0.33 0
0.67 0.33 0
0.67 0.33 0
0.67 0.33 0
0.67 0.33 0
0.67 0.33 0
0.67 0.33 0
0.67 0.33 0
0.67 0.33 0
0.67 0.33 0
0.67 0.33 0
0.67 0.33 0
0.67 0.33 0
0.67 0.33 0
0.67 0.33 0
0.67 0.33 0
0.67 0.33 0
0.67 0.33 0
0.67 0.33 0
0.67 0.33 0
0.67 0.33 0
0.67 0.33 0
0.67 0.33 0
0.67 0.33 0
0.67 0.33 0
0.67 0.33 0
0.67 0.33 0
0.67 0.33 0
0.67 0.33 0
0.67 0.33 0
0.67 0.33 0
0.67 0.33 0
0.67 0.33 0
0.67 0.33 0
0.67 0.33 0
0.67 0.33 0
0.67 0.33 0
0.67 0.33 0
0.67 0.33 0
0.67 0.33 0
0.67 0.33 0
0.67 0.33 0
0.67 0.33 0
0.67 0.33 0
0.67 0.33 0
0.67 0.33 0
0.67 0.33 0
0.67 0.33 0
0.67 0.33 0
0.67 0.33 0
0.67 0.33 0
0.67 0.33 0
0.67 0.33 0
0.67 0.33 0
0.67 0.33 0
0.67 0.33 0
0.67 0.33 0
0.67 0.33 0
0.67 0.33 0
0.67 0.33 0
0.67 0.33 0
0.67 0.33 0
0.67 0.33 0
0.67 0.33 0
0.67 0.33 0
0.67 0.33 0
0.67 0.33 0
0.67 0.33 0
0.67 0.33 0
0.67 0.33 0
0.67 0.33 0
0.67 0.33 0
0.67 0.33 0
0.67 0.33 0
0.67 0.33 0
0.67 0.33 0
0.67 0.33 0
0.67 0.33 0
0.67 0.33 0
0.67 0.33 0
0.67 0.33 0
0.67 0.33 0
0.67 0.33 0
0.67 0.33 0
0.67 0.33 0
0.67 0.33 0
0.67 0.33 0
0.67 0.33 0
0.67 0.33 0
0.67 0.33 0
0.67 0.33 0
0.67 0.33 0
0.67 0.33 0
0.67 0.33 0
0.67 0.33 0
0.67 0.33 0
0.67 0.33 0
0.67 0.33 0
0.67 0.33 0
0.67 0.33 0
0.67 0.33 0
0.67 0.33 0
0.67 0.33 0
0.67 0.33 0
0.67 0.33 0
0.67 0.33 0
0.67 0.33 0
0.67 0.33 0
0.67 0.33 0
0.67 0.33 0
0.67 0.33 0
0.67 0.33 0
0.67 0.33 0
0.67 0.33 0
0.67 0.33 0
0.67 0.33 0
0.67 0.33 0
0.67 0.33 0
0.67 0.33 0
0.67 0.33 0
0.67 0.33 0
0.67 0.33 0
0.67 0.33 0
0.67 0.33 0
0.67 0.33 0
0.67 0.33 0
0.67 0.33 0
0.67 0.33 0
0.67 0.33 0
0.67 0.33 0
0.67 0.33 0
0.67 0.33 0
0.67 0.33 0
0.67 0.33 0
0.67 0.33 0
0.67 0.33 0
0.67 0.33 0
0.67 0.33 0
0.67 0.33 0
0.67 0.33 0
0.67 0.33 0
0.67 0.33 0
0.67 0.33 0
0.67 0.33 0
0.67 0.33 0
0.67 0.33 0
0.67 0.33 0
0.67 0.33 0
0.67 0.33 0
0.67 0.33 0
0.67 0.33 0
0.67 0.33 0
0.67 0.33 0
0.67 0.33 0
0.67 0.33 0
0.67 0.33 0
0.67 0.33 0
0.67 0.33 0
0.67 0.33 0
0.67 0.33 0
0.67 0.33 0
0.67 0.33 0
0.67 0.33 0
0.67 0.33 0
0.67 0.33 0
0.67 0.33 0
0.67 0.33 0
0.67 0.33 0
0.67 0.33 0
0.67 0.33 0
0.67 0.33 0
0.67 0.33 0
0.67 0.33 0
0.67 0.33 0
0.67 0.33 0
0.67 0.33 0
0.67 0.33 0
0.67 0.33 0
0.67 0.33 0
0.67 0.33 0
0.67 0.33 0
0.67 0.33 0
0.67 0.33 0
0.67 0.33 0
0.67 0.33 0
0.67 0.33 0
0.67 0.33 0
0.67 0.33 0
0.67 0.33 0
0.67 0.33 0
0.67 0.33 0
0.67 0.33 0
0.67 0.33 0
0.67 0.33 0
0.67 0.33 0
0.67 0.33 0
0.67 0.33 0
0.67 0.33 0
0.67 0.33 0
0.67 0.33 0
0.67 0.33 0
0.67 0.33 0
0.67 0.33 0
0.67 0.33 0
0.67 0.33 0
0.67 0.33 0
0.67 0.33 0
0.67 0.33 0
0.67 0.33 0
0.67 0.33 0
0.67 0.33 0
0.67 0.33 0
0.67 0.33 0
0.67 0.33 0
0.67 0.33 0
0.67 0.33 0
0.67 0.33 0
0.67 0.33 0
0.67 0.33 0
0.67 0.33 0
0.67 0.33 0
0.67 0.33 0
0.67 0.33 0
0.67 0.33 0
0.67 0.33 0
0.67 0.33 0
0.67 0.33 0
0.67 0.33 0
0.67 0.33 0
0.67 0.33 0
0.67 0.33 0
0.67 0.33 0
0.67 0.33 0
0.67 0.33 0
0.67 0.33 0
0.67 0.33 0
0.67 0.33 0
0.67 0.33 0
0.67 0.33 0
0.67 0.33 0
0.67 0.33 0
0.67 0.33 0
0.67 0.33 0
0.67 0.33 0
0.67 0.33 0
0.67 0.33 0
0.67 0.33 0
0.67 0.33 0
0.67 0.33 0
0.67 0.33 0
0.67 0.33 0
0.67 0.33 0
0.67 0.33 0
0.67 0.33 0
0.67 0.33 0
0.67 0.33 0
0.67 0.33 0
0.67 0.33 0
0.67 0.33 0
0.67 0.33 0
0.67 0.33 0
0.67 0.33 0
0.67 0.33 0
0.67 0.33 0
0.67 0.33 0
0.67 0.33 0
0.67 0.33 0
0.67 0.33 0
0.67 0.33 0
0.67 0.33 0
0.67 0.33 0
0.67 0.33 0
0.67 0.33 0
0.67 0.33 0
0.67 0.33 0
0.67 0.33 0
0.67 0.33 0
0.67 0.33 0
0.67 0.33 0
0.67 0.33 0
0.67 0.33 0
0.67 0.33 0
0.67 0.33 0
0.67 0.33 0
0.67 0.33 0
0.67 0.33 0
0.67 0.33 0
0.67 0.33 0
0.67 0.33 0
0.67 0.33 0
0.67 0.33 0
0.67 0.33 0
0.67 0.33 0
0.67 0.33 0
0.67 0.33 0
0.67 0.33 0
0.67 0.33 0
0.67 0.33 0
0.67 0.33 0
0.67 0.33 0
0.67 0.33 0
0.67 0.33 0
0.67 0.33 0
</Weights>
            </BorderPart>
        </Border>
        <Border Name="L_A6dl_L" Red="0" Green="0.552941" Blue="1">
            <BorderPart Closed="True">
                <Vertices>80160 80172 80173
80160 80173 80172
80160 80161 80173
81370 80161 80160
81370 81371 80161
81360 81371 80152
81360 80152 81361
81360 81361 80152
81353 81361 80146
81353 80146 80139
81353 80139 81348
81348 80139 80131
81348 80131 81340
81340 80131 81341
81340 81341 80131
82497 81341 81340
82498 81341 82489
82489 81341 81331
82489 81331 82482
82482 81331 81318
82482 81318 82471
82471 81318 81304
82471 81304 82470
82470 81304 81303
82470 81303 82469
82469 81303 81302
82469 81302 81303
82469 81317 81302
82481 81317 82469
82480 81317 81316
82480 81316 82479
82480 82479 81316
83603 82479 83602
83602 82479 82478
83602 82478 83601
83601 82478 82477
83601 82477 83600
83600 82477 82476
83600 82476 83599
83599 82476 82475
83599 82475 83588
83588 82475 82467
82467 82475 82466
82466 82475 82467
82466 82474 81311
82466 81311 81300
82466 81300 82465
82465 81300 81299
82465 81299 82460
82460 81299 81288
81288 81299 81298
81288 81298 81287
81288 81287 81278
81288 81278 81287
82457 81278 82455
82455 81278 81271
82455 81271 81264
82455 81264 82453
82455 82453 81264
83573 82453 83570
83573 83570 82453
84663 83570 84662
84663 84662 83570
85764 84662 85763
85763 84662 84658
85763 84658 85759
85763 85759 84658
86877 85759 86869
86877 86869 85759
86868 86869 86865
86868 86865 86869
86868 88010 86865
88020 88010 86868
88019 88010 88009
88019 88009 88010
88019 89121 88009
89122 89121 88019
89130 89121 89129
89129 89121 89120
89129 89120 89121
90188 89120 90176
90188 90176 89120
90188 90187 90176
90196 90187 90188
91348 90187 91342
91348 91342 90187
91348 92478 91342
92485 92478 91348
93646 92478 93645
93646 93645 92478
93652 93645 93651
93652 93651 93645
93652 94686 93651
94687 94686 93652
95623 94686 95622
95623 95622 94686
96634 95622 95623
96634 96646 95622
96634 96645 96633
96634 96633 96645
96634 97658 96633
97659 97658 96634
97649 97658 97659
97649 98603 97658
97649 98595 97647
97647 98595 97649
98591 98595 97647
98591 99465 99466
99466 99465 98591
100296 99465 100295
100296 100295 99465
100296 100300 100295
100301 100300 100296
100301 101141 100300
100301 101146 101141
100305 101146 100301
100305 101150 101146
100309 101150 100305
100309 101154 101150
100309 100312 100313
100313 100312 100309
100313 101155 100312
100317 101155 100313
100317 101159 101155
100317 100320 100321
100317 100321 100320
100318 100321 99493
99493 100321 100318
99498 100321 99493
99498 100324 100321
99498 99503 99504
99504 99503 99498
99504 100325 99503
99504 100329 100325
99504 99507 98668
98668 99507 99504
98676 99507 98668
98676 99508 99507
98677 99508 98676
98677 99512 99508
98685 99512 98677
98685 99513 99512
98686 99513 98685
98686 99520 99513
98695 99520 98686
98695 99521 99520
98696 99521 98695
99529 99521 98696
99529 100347 99521
99529 100348 100347
99529 99530 98706
98706 99530 99529
98707 99530 98706
98707 99531 99530
98707 98708 97793
97793 98708 98707
97794 98708 97793
97794 98722 98708
97794 97806 97795
97795 97806 97794
97795 97807 97806
97795 97796 97782
97782 97796 97795
97783 97796 97782
97783 97797 97796
97783 97784 97770
97770 97784 97783
97771 97784 97770
97771 97785 97784
97771 97772 97757
97757 97772 97771
97758 97772 97757
97758 97773 97772
97758 98679 98671
97758 98671 97743
97743 98671 98672
98672 98671 97743
98672 98680 97744
97744 98680 98672
97744 97759 96691
96691 97759 97744
96691 96692 95672
95672 96692 96691
