<?xml version="1.0" encoding="UTF-8"?>
<BorderFile Version="3" Structure="CORTEX_RIGHT" SurfaceNumberOfVertices="128240">
    <MetaData>
        <MD>
            <Name>ParentProvenance</Name>
            <Value>/DATA/232/lqcheng/Human/HCP/05_subjects/100307/MNILinear/Native/100307.R.white.native.surf.gii:
/DATA/232/lqcheng/software/workbench/bin_rh_linux64/../exe_rh_linux64/wb_command -surface-apply-affine /DATA/232/lqcheng/Human/HCP/05_subjects/100307/Native/100307.R.white.native.surf.gii /DATA/232/lqcheng/Human/HCP/05_subjects/100307/mri/c_ras.mat /DATA/232/lqcheng/Human/HCP/05_subjects/100307/Native/100307.R.white.native.surf.gii

/DATA/232/lqcheng/Human/HCP/05_subjects/100307/MNILinear/Native/100307.R.BN_Atlas.native.label.gii:
/DATA/232/lqcheng/software/workbench/bin_rh_linux64/../exe_rh_linux64/wb_command -gifti-label-add-prefix /DATA/232/lqcheng/Human/HCP/05_subjects/100307/MNILinear/Native/100307.R.BN_Atlas.native.label.gii R_ /DATA/232/lqcheng/Human/HCP/05_subjects/100307/MNILinear/Native/100307.R.BN_Atlas.native.label.gii

</Value>
        </MD>
        <MD>
            <Name>ProgramProvenance</Name>
            <Value>Connectome Workbench
Type: Command Line Application
Version: 1.2.3
Qt Compiled Version: 4.8.4
Qt Runtime Version: 4.8.4
Commit: c170db0277de04cb8a5c04fdf96e45adcda47d6d
Commit Date: 2016-08-23 19:08:10 -0500
Compiled with OpenMP: YES
Compiler: g++44 (/usr/bin)
Compiler Version: 4.4.7
Compiled Debug: NO
Operating System: Linux
</Value>
        </MD>
        <MD>
            <Name>Provenance</Name>
            <Value>/DATA/232/lqcheng/software/workbench/bin_rh_linux64/../exe_rh_linux64/wb_command -label-to-border /DATA/232/lqcheng/Human/HCP/05_subjects/100307/MNILinear/Native/100307.R.white.native.surf.gii /DATA/232/lqcheng/Human/HCP/05_subjects/100307/MNILinear/Native/100307.R.BN_Atlas.native.label.gii /DATA/232/lqcheng/Human/HCP/05_subjects/100307/MNILinear/Native/100307.R.BN_Atlas.native.border</Value>
        </MD>
        <MD>
            <Name>WorkingDirectory</Name>
            <Value>/DATA/232/lqcheng/Human/HCP/05_subjects</Value>
        </MD>
    </MetaData>
    <Class Name="100307_R_BN_Atlas" Red="0" Green="0" Blue="0">
        <Border Name="R_A8m_R" Red="0" Green="0" Blue="1">
            <BorderPart Closed="True">
                <Vertices>88134 87051 88128
88134 88128 87051
89237 88128 89236
89236 88128 88127
89236 88127 89226
89226 88127 88118
89226 88118 89221
89226 89221 88118
90367 89221 90358
90358 89221 89208
90358 89208 90345
90345 89208 90346
90346 89208 89209
90346 89209 89197
90346 89197 90332
90332 89197 90333
90333 89197 89198
90333 89198 89188
89188 89198 89199
89188 89199 89198
89188 89189 89177
89177 89189 89188
89177 89178 89168
89168 89178 89177
89168 89169 89159
89159 89169 89168
89159 89160 89152
89152 89160 89159
89152 89153 89142
89142 89153 89152
89142 89143 89128
89142 89128 89127
89127 89128 89113
89113 89128 87931
89113 87931 87904
89113 87904 89094
89094 87904 89095
89094 89095 87904
89070 89095 87881
89070 87881 89071
89070 89071 87881
89070 89044 89043
89043 89044 89020
89020 89044 89043
89020 89021 89044
90187 89021 89020
90187 90188 89021
90187 90166 90165
90165 90166 90149
90149 90166 90165
90149 90150 90136
90149 90136 90135
90135 90136 90123
90123 90136 90135
90123 90124 90112
90123 90112 90111
90111 90112 90105
90111 90105 90104
90104 90105 90099
90099 90105 88958
90099 88958 88959
90099 88959 88958
90099 90100 88959
90099 90094 90093
90093 90094 90089
90093 90089 90088
90088 90089 88939
90088 88939 88927
90088 88927 90080
90080 88927 90081
90080 90081 88927
90075 90081 88915
90075 88915 88901
90075 88901 90068
90075 90068 88901
91184 90068 91181
91181 90068 90063
91181 90063 91178
91181 91178 90063
92271 91178 92257
92271 92257 91178
92270 92257 92256
92270 92256 92269
92270 92269 92256
93295 92269 93294
93295 93294 92269
93295 94333 93294
94334 94333 93295
94347 94333 94346
94346 94333 94347
94346 95322 94333
95336 95322 94346
95336 95335 95322
96301 95335 96300
96301 96300 95335
97263 96300 96301
97273 96300 96315
97273 96315 96300
97272 96315 96314
97272 96314 96315
97288 96314 96325
97288 96325 96314
97288 97287 96325
97301 97287 97300
97301 97300 97287
97301 97312 97300
97313 97312 97301
97326 97312 97325
97326 97325 97312
97326 97336 97325
97326 98195 97336
98183 98195 97326
98196 98195 98183
98196 98208 98195
99029 98208 98196
99029 99028 98208
99803 99028 99029
99803 99812 99028
100590 99812 99803
100589 99812 99811
100589 99811 99812
100589 100596 99811
100589 101367 100596
101360 101367 100589
101360 101359 101367
102087 101359 102086
102086 101359 102087
102086 102094 101359
102086 102085 102079
102079 102085 102086
102079 102835 102085
102827 102835 102079
102827 102826 102835
103587 102826 103586
103587 103586 102826
103577 103586 103576
103577 103576 103586
104320 103576 104319
104320 104319 103576
104312 104319 104311
104312 104311 104319
104312 105050 104311
105051 105050 104312
105051 105865 105050
105051 105866 105865
105052 105866 105051
105867 105866 105052
105867 106544 105866
105867 106545 106544
105868 106545 105867
105868 106546 106541
106541 106546 105868
106541 107280 106546
107278 107280 106541
107281 107280 107278
107281 107288 107280
107289 107288 107281
107289 107944 107288
107951 107944 107289
107951 107950 107944
107951 108579 107950
107951 108580 108579
107952 108580 107951
108581 108580 107952
108581 109307 108580
109308 109307 108581
110057 109307 110056
110057 110056 109307
110057 110062 110056
110063 110062 110057
110063 110922 110062
110925 110922 110063
110925 111695 110922
110925 111696 111695
110926 111696 110925
110926 111700 111696
110926 110928 110071
110071 110928 110926
110071 110079 109323
109323 110079 110071
109323 109326 108599
108599 109326 109323
108599 108603 108602
108602 108603 107965
107965 108603 108602
107965 107969 107968
107968 107969 107965
107968 107974 107315
107315 107974 107968
107315 107321 106594
106594 107321 107315
106594 106604 106593
106593 106604 106594
106593 106603 105927
106593 105927 105916
105916 105927 105926
105926 105927 105916
105926 105936 105134
105134 105936 105926
105134 105144 105143
105143 105144 105134
105143 105153 104391
104391 105153 105143
104400 105153 104391
105152 105153 104400
105166 105153 105152
105166 105167 105153
105166 105179 104408
104408 105179 105166
104415 105179 104408
104415 105195 105179
104415 104426 103689
103689 104426 104415
103698 104426 103689
103698 104444 104426
103712 104444 103698
103712 104445 104444
103712 103713 102947
102947 103713 103712
102948 103713 102947
102948 103728 103713
102948 102965 102966
102948 102966 102965
102949 102966 102223
102223 102966 102949
102224 102966 102223
102224 102967 102966
102225 102967 102224
102225 102968 102967
102225 102226 102213
102213 102226 102225
102214 102226 102213
102214 102227 102226
102215 102227 102214
102215 102228 101514
101514 102228 102215
101514 101522 100762
100762 101522 101514
100762 100777 100776
100776 100777 100762
100776 101536 101535
101535 101536 100776
101535 101548 100784
100784 101548 101535
100784 101547 100783
100783 101547 100784
100791 101547 100783
100791 101558 101547
100791 101557 100790
100790 101557 101556
100790 101556 100789
100789 101556 100790
100789 101566 101556
100797 101566 100789
100797 101565 100796
100796 101565 100797
100796 101573 101565
100802 101573 100796
101572 101573 100802
101572 102297 101573
101572 101580 100801
100801 101580 101572
100806 101580 100801
100806 101594 101580
100806 100811 100014
100014 100811 100806
100014 100019 99226
99226 100019 100014
99226 99230 98411
98411 99230 99226
98415 99230 98411
98415 99229 98414
98415 98414 98418
98415 98418 98414
98419 98418 98415
98419 98422 98418
98419 98423 97589
97589 98423 98419
97589 97599 96676
96676 97599 97589
96676 96677 96661
96661 96677 96676
96662 96677 95697
96662 95697 95696
95696 95697 95683
95683 95697 94682
95683 94682 94664
94664 94682 94683
94664 94683 94682
94664 94665 93601
94664 93601 93600
93600 93601 92573
92573 93601 93600
92573 92574 91488
92573 91488 91487
91487 91488 90407
91487 90407 90406
90406 90407 89256
90406 89256 89245
89245 89256 88142
89245 88142 88134
88134 88142 88135
88134 88135 87052
88134 87052 87051
</Vertices>
                <Weights>0.67 0.33 0
0.67 0.33 0
0.67 0.33 0
0.67 0.33 0
0.67 0.33 0
0.67 0.33 0
0.67 0.33 0
0.67 0.33 0
0.67 0.33 0
0.67 0.33 0
0.67 0.33 0
0.67 0.33 0
0.67 0.33 0
0.67 0.33 0
0.67 0.33 0
0.67 0.33 0
0.67 0.33 0
0.67 0.33 0
0.67 0.33 0
0.67 0.33 0
0.67 0.33 0
0.67 0.33 0
0.67 0.33 0
0.67 0.33 0
0.67 0.33 0
0.67 0.33 0
0.67 0.33 0
0.67 0.33 0
0.67 0.33 0
0.67 0.33 0
0.67 0.33 0
0.67 0.33 0
0.67 0.33 0
0.67 0.33 0
0.67 0.33 0
0.67 0.33 0
0.67 0.33 0
0.67 0.33 0
0.67 0.33 0
0.67 0.33 0
0.67 0.33 0
0.67 0.33 0
0.67 0.33 0
0.67 0.33 0
0.67 0.33 0
0.67 0.33 0
0.67 0.33 0
0.67 0.33 0
0.67 0.33 0
0.67 0.33 0
0.67 0.33 0
0.67 0.33 0
0.67 0.33 0
0.67 0.33 0
0.67 0.33 0
0.67 0.33 0
0.67 0.33 0
0.67 0.33 0
0.67 0.33 0
0.67 0.33 0
0.67 0.33 0
0.67 0.33 0
0.67 0.33 0
0.67 0.33 0
0.67 0.33 0
0.67 0.33 0
0.67 0.33 0
0.67 0.33 0
0.67 0.33 0
0.67 0.33 0
0.67 0.33 0
0.67 0.33 0
0.67 0.33 0
0.67 0.33 0
0.67 0.33 0
0.67 0.33 0
0.67 0.33 0
0.67 0.33 0
0.67 0.33 0
0.67 0.33 0
0.67 0.33 0
0.67 0.33 0
0.67 0.33 0
0.67 0.33 0
0.67 0.33 0
0.67 0.33 0
0.67 0.33 0
0.67 0.33 0
0.67 0.33 0
0.67 0.33 0
0.67 0.33 0
0.67 0.33 0
0.67 0.33 0
0.67 0.33 0
0.67 0.33 0
0.67 0.33 0
0.67 0.33 0
0.67 0.33 0
0.67 0.33 0
0.67 0.33 0
0.67 0.33 0
0.67 0.33 0
0.67 0.33 0
0.67 0.33 0
0.67 0.33 0
0.67 0.33 0
0.67 0.33 0
0.67 0.33 0
0.67 0.33 0
0.67 0.33 0
0.67 0.33 0
0.67 0.33 0
0.67 0.33 0
0.67 0.33 0
0.67 0.33 0
0.67 0.33 0
0.67 0.33 0
0.67 0.33 0
0.67 0.33 0
0.67 0.33 0
0.67 0.33 0
0.67 0.33 0
0.67 0.33 0
0.67 0.33 0
0.67 0.33 0
0.67 0.33 0
0.67 0.33 0
0.67 0.33 0
0.67 0.33 0
0.67 0.33 0
0.67 0.33 0
0.67 0.33 0
0.67 0.33 0
0.67 0.33 0
0.67 0.33 0
0.67 0.33 0
0.67 0.33 0
0.67 0.33 0
0.67 0.33 0
0.67 0.33 0
0.67 0.33 0
0.67 0.33 0
0.67 0.33 0
0.67 0.33 0
0.67 0.33 0
0.67 0.33 0
0.67 0.33 0
0.67 0.33 0
0.67 0.33 0
0.67 0.33 0
0.67 0.33 0
0.67 0.33 0
0.67 0.33 0
0.67 0.33 0
0.67 0.33 0
0.67 0.33 0
0.67 0.33 0
0.67 0.33 0
0.67 0.33 0
0.67 0.33 0
0.67 0.33 0
0.67 0.33 0
0.67 0.33 0
0.67 0.33 0
0.67 0.33 0
0.67 0.33 0
0.67 0.33 0
0.67 0.33 0
0.67 0.33 0
0.67 0.33 0
0.67 0.33 0
0.67 0.33 0
0.67 0.33 0
0.67 0.33 0
0.67 0.33 0
0.67 0.33 0
0.67 0.33 0
0.67 0.33 0
0.67 0.33 0
0.67 0.33 0
0.67 0.33 0
0.67 0.33 0
0.67 0.33 0
0.67 0.33 0
0.67 0.33 0
0.67 0.33 0
0.67 0.33 0
0.67 0.33 0
0.67 0.33 0
0.67 0.33 0
0.67 0.33 0
0.67 0.33 0
0.67 0.33 0
0.67 0.33 0
0.67 0.33 0
0.67 0.33 0
0.67 0.33 0
0.67 0.33 0
0.67 0.33 0
0.67 0.33 0
0.67 0.33 0
0.67 0.33 0
0.67 0.33 0
0.67 0.33 0
0.67 0.33 0
0.67 0.33 0
0.67 0.33 0
0.67 0.33 0
0.67 0.33 0
0.67 0.33 0
0.67 0.33 0
0.67 0.33 0
0.67 0.33 0
0.67 0.33 0
0.67 0.33 0
0.67 0.33 0
0.67 0.33 0
0.67 0.33 0
0.67 0.33 0
0.67 0.33 0
0.67 0.33 0
0.67 0.33 0
0.67 0.33 0
0.67 0.33 0
0.67 0.33 0
0.67 0.33 0
0.67 0.33 0
0.67 0.33 0
0.67 0.33 0
0.67 0.33 0
0.67 0.33 0
0.67 0.33 0
0.67 0.33 0
0.67 0.33 0
0.67 0.33 0
0.67 0.33 0
0.67 0.33 0
0.67 0.33 0
0.67 0.33 0
0.67 0.33 0
0.67 0.33 0
0.67 0.33 0
0.67 0.33 0
0.67 0.33 0
0.67 0.33 0
0.67 0.33 0
0.67 0.33 0
0.67 0.33 0
0.67 0.33 0
0.67 0.33 0
0.67 0.33 0
0.67 0.33 0
0.67 0.33 0
0.67 0.33 0
0.67 0.33 0
0.67 0.33 0
0.67 0.33 0
0.67 0.33 0
0.67 0.33 0
0.67 0.33 0
0.67 0.33 0
0.67 0.33 0
0.67 0.33 0
0.67 0.33 0
0.67 0.33 0
0.67 0.33 0
0.67 0.33 0
0.67 0.33 0
0.67 0.33 0
0.67 0.33 0
0.67 0.33 0
0.67 0.33 0
0.67 0.33 0
0.67 0.33 0
0.67 0.33 0
0.67 0.33 0
0.67 0.33 0
0.67 0.33 0
0.67 0.33 0
0.67 0.33 0
0.67 0.33 0
0.67 0.33 0
0.67 0.33 0
0.67 0.33 0
0.67 0.33 0
0.67 0.33 0
0.67 0.33 0
0.67 0.33 0
0.67 0.33 0
0.67 0.33 0
0.67 0.33 0
0.67 0.33 0
0.67 0.33 0
0.67 0.33 0
0.67 0.33 0
0.67 0.33 0
0.67 0.33 0
0.67 0.33 0
0.67 0.33 0
0.67 0.33 0
0.67 0.33 0
0.67 0.33 0
0.67 0.33 0
0.67 0.33 0
</Weights>
            </BorderPart>
        </Border>
        <Border Name="R_A8dl_R" Red="0" Green="0.964706" Blue="1">
            <BorderPart Closed="True">
                <Vertices>93416 93415 93425
93416 93425 93415
93416 93426 93425
94467 93426 93416
94478 93426 94467
94478 93437 93426
94478 94489 93437
95497 94489 94478
95506 94489 95497
95506 94503 94489
95520 94503 95506
95520 94525 94503
95520 95542 94525
96522 95542 95520
96544 95542 95563
96544 95563 95542
96544 96543 95563
96544 97474 96543
97475 97474 96544
97498 97474 97497
97498 97497 97474
97498 98366 97497
98367 98366 97498
98367 99192 98366
99193 99192 98367
99193 99203 99192
99204 99203 99193
99982 99203 99981
99982 99981 99203
99982 100765 99981
100766 100765 99982
101529 100765 101518
101529 101518 100765
101519 101518 101529
102237 101518 102220
102237 102220 101518
102237 102961 102220
102982 102961 102237
102983 102961 102962
102962 102961 102983
102962 103726 102961
103738 103726 102962
104471 103726 104455
104471 104455 103726
104472 104455 104456
104472 104456 104455
105239 104456 105223
105239 105223 104456
106036 105223 106022
106036 106022 105223
106735 106022 106723
106735 106723 106022
106735 107428 106723
107435 107428 106735
107435 107434 107428
107441 107434 107435
108054 107434 108046
108054 108046 107434
108054 108045 108053
108054 108053 108045
108698 108053 108697
108698 108697 108053
108710 108697 108698
108710 109414 108697
109426 109414 108710
109415 109414 109426
110194 109414 110193
110194 110193 109414
110194 111031 110193
111032 111031 110194
111032 111786 111031
111787 111786 111032
112481 111786 112480
112481 112480 111786
112470 112480 112481
113163 112480 112470
113163 113175 112480
113163 113164 113175
113163 113841 113832
113832 113841 113163
113832 113842 113841
113832 113833 113823
113823 113833 113832
113823 113824 113833
114501 113824 113823
114501 114502 113824
114489 114502 113813
114489 113813 114490
114489 114490 113813
114474 114490 113801
114474 113801 114475
114474 114475 113801
114459 114475 114474
114459 114460 114475
114459 115143 115142
115142 115143 114459
115127 115143 115142
115127 115128 114441
114441 115128 115127
114441 114442 114437
114437 114442 113761
113761 114442 114437
113774 114442 113761
113774 114443 114442
113774 113775 113761
113761 113775 113774
113762 113775 113098
113098 113775 113762
113107 113775 113098
113107 113108 113099
113099 113108 112431
113099 112431 112422
112422 112431 112423
112422 112423 112414
112414 112423 111731
112414 111731 111722
111722 111731 111732
111722 111732 111731
111722 111723 111714
111714 111723 111722
111714 111715 111709
111709 111715 111714
111709 111710 110940
110940 111710 111709
110940 110941 110932
110940 110932 110088
110088 110932 110933
110088 110933 110932
110089 110933 110088
110089 110934 110933
110089 110090 110080
110080 110090 110089
110080 110081 110072
110080 110072 109324
109324 110072 110073
109324 110073 110072
109324 109325 109317
109317 109325 109324
109317 109318 108591
108591 109318 109310
108591 109310 108583
108583 109310 108584
108583 108584 108576
108583 108576 108575
108575 108576 107947
107947 108576 108573
107947 108573 107941
107941 108573 107942
107941 107942 107285
107285 107942 107941
107285 107286 106552
107285 106552 106551
106551 106552 105873
105873 106552 106544
105873 106544 105866
105866 106544 105867
105866 105867 105052
105866 105052 105051
105866 105051 105865
105865 105051 105050
105050 105051 104312
105050 104312 104311
104311 104312 104319
104319 104312 104311
104319 104320 103576
103576 104320 104319
103576 103577 103586
103586 103577 103576
103586 103587 102826
102826 103587 103586
102826 102827 102835
102835 102827 102079
102835 102079 102085
102085 102079 102086
102085 102086 102079
102094 102086 101359
101359 102086 102087
101359 102087 102086
101359 101360 101367
101367 101360 100589
101367 100589 100596
100596 100589 99811
100596 99811 99821
100596 99821 99811
100595 99821 99820
100595 99820 99821
100606 99820 99832
100606 99832 99820
100605 99832 99831
100605 99831 99832
100618 99831 99845
99845 99831 99080
99845 99080 99831
99844 99080 99079
99844 99079 99843
99844 99843 99079
99858 99843 99092
99858 99092 99843
99857 99092 99091
99857 99091 99856
99856 99091 99090
99856 99090 99855
99855 99090 99089
99855 99089 99854
99854 99089 99088
99088 99089 99075
99088 99075 99074
99074 99075 99058
99074 99058 99057
99057 99058 99044
99044 99058 99057
99044 99045 99034
99044 99034 99033
99033 99034 99023
99033 99023 99034
99802 99023 99794
99802 99794 99023
99793 99794 99013
99793 99013 99012
99793 99012 99792
99792 99012 99011
99011 99012 98999
99011 98999 98998
98998 98999 98176
98998 98176 98999
99010 98176 98189
98189 98176 98175
98175 98176 97317
98175 97317 98176
98188 97317 97329
98188 97329 97317
98199 97329 97338
98199 97338 97329
98212 97338 97346
98212 97346 97338
97345 97346 97352
97345 97352 97346
97351 97352 96375
97351 96375 97352
97351 96391 96375
97357 96391 97351
97357 96409 96391
97357 97365 96409
97357 97366 97365
97358 97366 97357
98250 97366 97358
98259 97366 97372
98259 97372 97366
98260 97372 97373
97373 97372 97382
97382 97372 97381
97382 97381 96436
97382 96436 97381
97382 96446 96436
97388 96446 97382
97388 96457 96446
97395 96457 97388
96458 96457 96469
96469 96457 95465
96469 95465 95476
95476 95465 94453
94453 95465 94443
94453 94443 93408
94453 93408 94443
94453 93415 93408
94466 93415 94453
</Vertices>
                <Weights>0.67 0.33 0
0.67 0.33 0
0.67 0.33 0
0.67 0.33 0
0.67 0.33 0
0.67 0.33 0
0.67 0.33 0
0.67 0.33 0
0.67 0.33 0
0.67 0.33 0
0.67 0.33 0
0.67 0.33 0
0.67 0.33 0
0.67 0.33 0
0.67 0.33 0
0.67 0.33 0
0.67 0.33 0
0.67 0.33 0
0.67 0.33 0
0.67 0.33 0
0.67 0.33 0
0.67 0.33 0
0.67 0.33 0
0.67 0.33 0
0.67 0.33 0
0.67 0.33 0
0.67 0.33 0
0.67 0.33 0
0.67 0.33 0
0.67 0.33 0
0.67 0.33 0
0.67 0.33 0
0.67 0.33 0
0.67 0.33 0
0.67 0.33 0
0.67 0.33 0
0.67 0.33 0
0.67 0.33 0
0.67 0.33 0
0.67 0.33 0
0.67 0.33 0
0.67 0.33 0
0.67 0.33 0
0.67 0.33 0
0.67 0.33 0
0.67 0.33 0
0.67 0.33 0
0.67 0.33 0
0.67 0.33 0
0.67 0.33 0
0.67 0.33 0
0.67 0.33 0
0.67 0.33 0
0.67 0.33 0
0.67 0.33 0
0.67 0.33 0
0.67 0.33 0
0.67 0.33 0
0.67 0.33 0
0.67 0.33 0
0.67 0.33 0
0.67 0.33 0
0.67 0.33 0
0.67 0.33 0
0.67 0.33 0
0.67 0.33 0
0.67 0.33 0
0.67 0.33 0
0.67 0.33 0
0.67 0.33 0
0.67 0.33 0
0.67 0.33 0
0.67 0.33 0
0.67 0.33 0
0.67 0.33 0
0.67 0.33 0
0.67 0.33 0
0.67 0.33 0
0.67 0.33 0
0.67 0.33 0
0.67 0.33 0
0.67 0.33 0
0.67 0.33 0
0.67 0.33 0
0.67 0.33 0
0.67 0.33 0
0.67 0.33 0
0.67 0.33 0
0.67 0.33 0
0.67 0.33 0
0.67 0.33 0
0.67 0.33 0
0.67 0.33 0
0.67 0.33 0
0.67 0.33 0
0.67 0.33 0
0.67 0.33 0
0.67 0.33 0
0.67 0.33 0
0.67 0.33 0
0.67 0.33 0
0.67 0.33 0
0.67 0.33 0
0.67 0.33 0
0.67 0.33 0
0.67 0.33 0
0.67 0.33 0
0.67 0.33 0
0.67 0.33 0
0.67 0.33 0
0.67 0.33 0
0.67 0.33 0
0.67 0.33 0
0.67 0.33 0
0.67 0.33 0
0.67 0.33 0
0.67 0.33 0
0.67 0.33 0
0.67 0.33 0
0.67 0.33 0
0.67 0.33 0
0.67 0.33 0
0.67 0.33 0
0.67 0.33 0
0.67 0.33 0
0.67 0.33 0
0.67 0.33 0
0.67 0.33 0
0.67 0.33 0
0.67 0.33 0
0.67 0.33 0
0.67 0.33 0
0.67 0.33 0
0.67 0.33 0
0.67 0.33 0
0.67 0.33 0
0.67 0.33 0
0.67 0.33 0
0.67 0.33 0
0.67 0.33 0
0.67 0.33 0
0.67 0.33 0
0.67 0.33 0
0.67 0.33 0
0.67 0.33 0
0.67 0.33 0
0.67 0.33 0
0.67 0.33 0
0.67 0.33 0
0.67 0.33 0
0.67 0.33 0
0.67 0.33 0
0.67 0.33 0
0.67 0.33 0
0.67 0.33 0
0.67 0.33 0
0.67 0.33 0
0.67 0.33 0
0.67 0.33 0
0.67 0.33 0
0.67 0.33 0
0.67 0.33 0
0.67 0.33 0
0.67 0.33 0
0.67 0.33 0
0.67 0.33 0
0.67 0.33 0
0.67 0.33 0
0.67 0.33 0
0.67 0.33 0
0.67 0.33 0
0.67 0.33 0
0.67 0.33 0
0.67 0.33 0
0.67 0.33 0
0.67 0.33 0
0.67 0.33 0
0.67 0.33 0
0.67 0.33 0
0.67 0.33 0
0.67 0.33 0
0.67 0.33 0
0.67 0.33 0
0.67 0.33 0
0.67 0.33 0
0.67 0.33 0
0.67 0.33 0
0.67 0.33 0
0.67 0.33 0
0.67 0.33 0
0.67 0.33 0
0.67 0.33 0
0.67 0.33 0
0.67 0.33 0
0.67 0.33 0
0.67 0.33 0
0.67 0.33 0
0.67 0.33 0
0.67 0.33 0
0.67 0.33 0
0.67 0.33 0
0.67 0.33 0
0.67 0.33 0
0.67 0.33 0
0.67 0.33 0
0.67 0.33 0
0.67 0.33 0
0.67 0.33 0
0.67 0.33 0
0.67 0.33 0
0.67 0.33 0
0.67 0.33 0
0.67 0.33 0
0.67 0.33 0
0.67 0.33 0
0.67 0.33 0
0.67 0.33 0
0.67 0.33 0
0.67 0.33 0
0.67 0.33 0
0.67 0.33 0
0.67 0.33 0
0.67 0.33 0
0.67 0.33 0
0.67 0.33 0
0.67 0.33 0
0.67 0.33 0
0.67 0.33 0
0.67 0.33 0
0.67 0.33 0
0.67 0.33 0
0.67 0.33 0
0.67 0.33 0
0.67 0.33 0
0.67 0.33 0
0.67 0.33 0
0.67 0.33 0
0.67 0.33 0
0.67 0.33 0
0.67 0.33 0
0.67 0.33 0
0.67 0.33 0
0.67 0.33 0
0.67 0.33 0
0.67 0.33 0
0.67 0.33 0
0.67 0.33 0
0.67 0.33 0
0.67 0.33 0
0.67 0.33 0
0.67 0.33 0
0.67 0.33 0
0.67 0.33 0
0.67 0.33 0
0.67 0.33 0
0.67 0.33 0
0.67 0.33 0
0.67 0.33 0
0.67 0.33 0
0.67 0.33 0
0.67 0.33 0
0.67 0.33 0
0.67 0.33 0
0.67 0.33 0
0.67 0.33 0
0.67 0.33 0
</Weights>
            </BorderPart>
        </Border>
        <Border Name="R_A9l_R" Red="1" Green="0.862745" Blue="0.482353">
            <BorderPart Closed="True">
                <Vertices>106544 105866 105867
106544 105867 105866
106545 105867 106544
106545 105868 105867
106546 105868 106541
106546 106541 105868
107280 106541 106546
107280 107278 106541
107280 107281 107278
107288 107281 107280
107288 107289 107281
107944 107289 107288
107944 107951 107289
107950 107951 107944
108579 107951 107950
108580 107951 108579
108580 107952 107951
108580 108581 107952
109307 108581 108580
109307 109308 108581
109307 110057 110056
110056 110057 109307
110062 110057 110056
110062 110063 110057
110922 110063 110062
110922 110925 110063
111695 110925 110922
111696 110925 111695
111696 110926 110925
111700 110926 111696
111700 110928 110926
111700 111703 110928
112393 111703 111700
112393 112394 111703
113071 112394 112393
113071 113072 112394
113075 113072 113071
113075 113076 113072
113738 113076 113075
113742 113076 113738
113742 113078 113076
113746 113078 113742
113746 113082 113078
113745 113082 113081
113081 113082 113085
113081 113085 113082
113750 113085 113081
113750 113751 113085
113750 113756 113755
113755 113756 113750
113755 113769 113768
113768 113769 113755
113787 113769 113768
113787 113788 113769
114454 113788 113787
114454 114470 113788
114454 114455 114470
115139 114455 114454
115139 115140 114455
115777 115140 115139
115777 115786 115140
115776 115786 115785
115785 115786 115776
115785 115797 115796
115785 115796 115797
116378 115796 115785
116378 116386 115796
116994 116386 116378
116994 117003 116386
117646 117003 116994
117646 117650 117003
118367 117650 117646
118367 118372 117650
118366 118372 118371
118366 118371 118372
119014 118371 118366
119014 119018 118371
119638 119018 119014
119638 119642 119018
119637 119642 119641
119637 119641 119642
120213 119641 119637
120213 120216 119641
120778 120216 120213
120778 120779 120216
121362 120779 120778
121363 120779 121362
121363 120781 120779
121363 121371 120781
121372 121371 120782
121372 120782 121371
121372 120787 120782
121372 121379 120787
121951 121379 121372
121951 121954 121379
122451 121954 121951
122451 122454 121954
122917 122454 122451
122921 122454 122917
122921 122458 122454
122924 122458 122921
122924 122465 122458
122929 122465 122924
122929 122928 122465
123366 122928 122929
123365 122928 123366
123365 122937 122928
123372 122937 123365
123372 122950 122937
123372 123383 122950
123781 123383 123372
123781 123793 123383
124217 123793 123781
124217 124225 123793
124217 124694 124693
124693 124694 124217
124693 124697 124696
124696 124697 124693
124696 125170 124697
124696 125172 124703
124703 125172 124696
124703 125178 124713
124713 125178 124703
125186 125178 124713
125186 125669 125178
125668 125669 125186
125668 125679 125678
125678 125679 125668
125678 126087 126086
126086 126087 125678
126086 126425 126087
126436 126425 126086
126436 126790 126425
126435 126790 126789
126789 126790 126435
126789 127076 127075
126789 127075 127076
126800 127075 126789
126800 127081 127075
126799 127081 127080
127080 127081 126799
127080 127087 127086
127086 127087 126810
126810 127087 127086
126810 126818 126817
126817 126818 126460
126460 126818 126461
126460 126461 126472
126460 126472 126471
126471 126472 126460
126471 126482 126481
126471 126481 126131
126131 126481 126144
126131 126144 125725
125725 126144 125736
125736 126144 125725
125736 126157 125750
125736 125750 125735
125735 125750 125749
125735 125749 125249
125735 125249 125248
125248 125249 125264
125248 125264 125263
125248 125263 125247
125247 125263 125262
125247 125262 125246
125247 125246 125262
125733 125246 125247
125733 125732 125246
126143 125732 125733
126143 126142 125732
126127 126142 126143
126127 126469 126470
126470 126469 126127
126825 126469 126470
126825 126824 126469
126816 126824 126815
126815 126824 126823
126815 126823 126814
126814 126823 126455
126455 126823 126468
126455 126468 126112
126455 126112 126113
126113 126112 125708
126113 125708 125699
126113 125699 125708
126106 125699 125693
125693 125699 125207
125693 125207 125199
125693 125199 125207
125683 125199 125198
125683 125198 125199
125682 125198 125190
125190 125198 124725
125190 124725 124724
125190 124724 124725
125189 124724 124716
125189 124716 124724
125182 124716 124715
125182 124715 124716
125182 125181 124715
125175 125181 124707
125175 124707 124708
124708 124707 124700
124700 124707 124699
124700 124699 124229
124229 124699 124228
124229 124228 124219
124219 124228 124218
124219 124218 123785
123785 124218 123784
123785 123784 123377
123377 123784 123376
123377 123376 122942
122942 123376 122941
122942 122941 122478
122942 122478 122941
122479 122478 122491
122491 122478 121984
122491 121984 122478
121994 121984 121428
121994 121428 121984
121437 121428 120835
120835 121428 120827
120835 120827 120271
120835 120271 120827
120272 120271 119700
119700 120271 119692
119700 119692 119693
119693 119692 119076
119076 119692 119075
119076 119075 119067
119076 119067 119075
119068 119067 119058
119068 119058 119067
119068 119059 118423
118423 119059 118413
118423 118413 117704
118423 117704 118413
117705 117704 117068
117705 117068 117704
117069 117068 117080
117069 117080 116464
117069 116464 116451
117069 116451 116452
116452 116451 115855
116452 115855 116451
116452 115856 115845
115845 115856 115223
115845 115223 115211
115211 115223 114547
115211 114547 114539
114539 114547 113875
114539 113875 113865
113865 113875 113206
113865 113206 113196
113196 113206 112523
113196 112523 112516
112516 112523 112515
112515 112523 112522
112515 112522 111819
112515 111819 111804
111804 111819 111803
111804 111803 111819
112502 111803 111804
112501 111803 111791
112501 111791 111803
112487 111791 111790
112487 111790 111791
112487 112486 111790
112475 112486 112474
112475 112474 112464
112464 112474 112463
112464 112463 112474
113145 112463 112464
113145 113144 112463
113135 113144 113134
113135 113134 113144
113816 113134 113815
113816 113815 113134
113802 113815 113801
113802 113801 113815
114475 113801 113802
114475 114474 113801
114475 114459 114474
114460 114459 114475
115143 114459 115142
115143 115142 114459
115143 115127 115142
115128 115127 114441
115128 114441 115127
114442 114441 114437
114442 114437 113761
114442 113761 114437
114442 113774 113761
114443 113774 114442
113775 113774 113761
113775 113761 113774
113775 113762 113098
113775 113098 113762
113775 113107 113098
113108 113107 113099
113108 113099 112431
112431 113099 112422
112431 112422 112423
112423 112422 112414
112423 112414 111731
111731 112414 111722
111731 111722 111732
111732 111722 111731
111723 111722 111714
111723 111714 111722
111715 111714 111709
111715 111709 111714
111710 111709 110940
111710 110940 111709
110941 110940 110932
110932 110940 110088
110932 110088 110933
110933 110088 110932
110933 110089 110088
110934 110089 110933
110090 110089 110080
110090 110080 110089
110081 110080 110072
110072 110080 109324
110072 109324 110073
110073 109324 110072
109325 109324 109317
109325 109317 109324
109318 109317 108591
109318 108591 109310
109310 108591 108583
109310 108583 108584
108584 108583 108576
108576 108583 108575
108576 108575 107947
108576 107947 108573
108573 107947 107941
108573 107941 107942
107942 107941 107285
107942 107285 107941
107286 107285 106552
106552 107285 106551
106552 106551 105873
106552 105873 106544
106544 105873 105866
</Vertices>
                <Weights>0.67 0.33 0
0.67 0.33 0
0.67 0.33 0
0.67 0.33 0
0.67 0.33 0
0.67 0.33 0
0.67 0.33 0
0.67 0.33 0
0.67 0.33 0
0.67 0.33 0
0.67 0.33 0
0.67 0.33 0
0.67 0.33 0
0.67 0.33 0
0.67 0.33 0
0.67 0.33 0
0.67 0.33 0
0.67 0.33 0
0.67 0.33 0
0.67 0.33 0
0.67 0.33 0
0.67 0.33 0
0.67 0.33 0
0.67 0.33 0
0.67 0.33 0
0.67 0.33 0
0.67 0.33 0
0.67 0.33 0
0.67 0.33 0
0.67 0.33 0
0.67 0.33 0
0.67 0.33 0
0.67 0.33 0
0.67 0.33 0
0.67 0.33 0
0.67 0.33 0
0.67 0.33 0
0.67 0.33 0
0.67 0.33 0
0.67 0.33 0
0.67 0.33 0
0.67 0.33 0
0.67 0.33 0
0.67 0.33 0
0.67 0.33 0
0.67 0.33 0
0.67 0.33 0
0.67 0.33 0
0.67 0.33 0
0.67 0.33 0
0.67 0.33 0
0.67 0.33 0
0.67 0.33 0
0.67 0.33 0
0.67 0.33 0
0.67 0.33 0
0.67 0.33 0
0.67 0.33 0
0.67 0.33 0
0.67 0.33 0
0.67 0.33 0
0.67 0.33 0
0.67 0.33 0
0.67 0.33 0
0.67 0.33 0
0.67 0.33 0
0.67 0.33 0
0.67 0.33 0
0.67 0.33 0
0.67 0.33 0
0.67 0.33 0
0.67 0.33 0
0.67 0.33 0
0.67 0.33 0
0.67 0.33 0
0.67 0.33 0
0.67 0.33 0
0.67 0.33 0
0.67 0.33 0
0.67 0.33 0
0.67 0.33 0
0.67 0.33 0
0.67 0.33 0
0.67 0.33 0
0.67 0.33 0
0.67 0.33 0
0.67 0.33 0
0.67 0.33 0
0.67 0.33 0
0.67 0.33 0
0.67 0.33 0
0.67 0.33 0
0.67 0.33 0
0.67 0.33 0
0.67 0.33 0
0.67 0.33 0
0.67 0.33 0
0.67 0.33 0
0.67 0.33 0
0.67 0.33 0
0.67 0.33 0
0.67 0.33 0
0.67 0.33 0
0.67 0.33 0
0.67 0.33 0
0.67 0.33 0
0.67 0.33 0
0.67 0.33 0
0.67 0.33 0
0.67 0.33 0
0.67 0.33 0
0.67 0.33 0
0.67 0.33 0
0.67 0.33 0
0.67 0.33 0
0.67 0.33 0
0.67 0.33 0
0.67 0.33 0
0.67 0.33 0
0.67 0.33 0
0.67 0.33 0
0.67 0.33 0
0.67 0.33 0
0.67 0.33 0
0.67 0.33 0
0.67 0.33 0
0.67 0.33 0
0.67 0.33 0
0.67 0.33 0
0.67 0.33 0
0.67 0.33 0
0.67 0.33 0
0.67 0.33 0
0.67 0.33 0
0.67 0.33 0
0.67 0.33 0
0.67 0.33 0
0.67 0.33 0
0.67 0.33 0
0.67 0.33 0
0.67 0.33 0
0.67 0.33 0
0.67 0.33 0
0.67 0.33 0
0.67 0.33 0
0.67 0.33 0
0.67 0.33 0
0.67 0.33 0
0.67 0.33 0
0.67 0.33 0
0.67 0.33 0
0.67 0.33 0
0.67 0.33 0
0.67 0.33 0
0.67 0.33 0
0.67 0.33 0
0.67 0.33 0
0.67 0.33 0
0.67 0.33 0
0.67 0.33 0
0.67 0.33 0
0.67 0.33 0
0.67 0.33 0
0.67 0.33 0
0.67 0.33 0
0.67 0.33 0
0.67 0.33 0
0.67 0.33 0
0.67 0.33 0
0.67 0.33 0
0.67 0.33 0
0.67 0.33 0
0.67 0.33 0
0.67 0.33 0
0.67 0.33 0
0.67 0.33 0
0.67 0.33 0
0.67 0.33 0
0.67 0.33 0
0.67 0.33 0
0.67 0.33 0
0.67 0.33 0
0.67 0.33 0
0.67 0.33 0
0.67 0.33 0
0.67 0.33 0
0.67 0.33 0
0.67 0.33 0
0.67 0.33 0
0.67 0.33 0
0.67 0.33 0
0.67 0.33 0
0.67 0.33 0
0.67 0.33 0
0.67 0.33 0
0.67 0.33 0
0.67 0.33 0
0.67 0.33 0
0.67 0.33 0
0.67 0.33 0
0.67 0.33 0
0.67 0.33 0
0.67 0.33 0
0.67 0.33 0
0.67 0.33 0
0.67 0.33 0
0.67 0.33 0
0.67 0.33 0
0.67 0.33 0
0.67 0.33 0
0.67 0.33 0
0.67 0.33 0
0.67 0.33 0
0.67 0.33 0
0.67 0.33 0
0.67 0.33 0
0.67 0.33 0
0.67 0.33 0
0.67 0.33 0
0.67 0.33 0
0.67 0.33 0
0.67 0.33 0
0.67 0.33 0
0.67 0.33 0
0.67 0.33 0
0.67 0.33 0
0.67 0.33 0
0.67 0.33 0
0.67 0.33 0
0.67 0.33 0
0.67 0.33 0
0.67 0.33 0
0.67 0.33 0
0.67 0.33 0
0.67 0.33 0
0.67 0.33 0
0.67 0.33 0
0.67 0.33 0
0.67 0.33 0
0.67 0.33 0
0.67 0.33 0
0.67 0.33 0
0.67 0.33 0
0.67 0.33 0
0.67 0.33 0
0.67 0.33 0
0.67 0.33 0
0.67 0.33 0
0.67 0.33 0
0.67 0.33 0
0.67 0.33 0
0.67 0.33 0
0.67 0.33 0
0.67 0.33 0
0.67 0.33 0
0.67 0.33 0
0.67 0.33 0
0.67 0.33 0
0.67 0.33 0
0.67 0.33 0
0.67 0.33 0
0.67 0.33 0
0.67 0.33 0
0.67 0.33 0
0.67 0.33 0
0.67 0.33 0
0.67 0.33 0
0.67 0.33 0
0.67 0.33 0
0.67 0.33 0
0.67 0.33 0
0.67 0.33 0
0.67 0.33 0
0.67 0.33 0
0.67 0.33 0
0.67 0.33 0
0.67 0.33 0
0.67 0.33 0
0.67 0.33 0
0.67 0.33 0
0.67 0.33 0
0.67 0.33 0
0.67 0.33 0
0.67 0.33 0
0.67 0.33 0
0.67 0.33 0
0.67 0.33 0
0.67 0.33 0
0.67 0.33 0
0.67 0.33 0
0.67 0.33 0
0.67 0.33 0
0.67 0.33 0
0.67 0.33 0
0.67 0.33 0
0.67 0.33 0
0.67 0.33 0
0.67 0.33 0
0.67 0.33 0
0.67 0.33 0
0.67 0.33 0
0.67 0.33 0
0.67 0.33 0
0.67 0.33 0
0.67 0.33 0
0.67 0.33 0
0.67 0.33 0
0.67 0.33 0
0.67 0.33 0
0.67 0.33 0
0.67 0.33 0
0.67 0.33 0
0.67 0.33 0
0.67 0.33 0
0.67 0.33 0
0.67 0.33 0
0.67 0.33 0
0.67 0.33 0
0.67 0.33 0
0.67 0.33 0
0.67 0.33 0
0.67 0.33 0
0.67 0.33 0
0.67 0.33 0
0.67 0.33 0
0.67 0.33 0
0.67 0.33 0
0.67 0.33 0
0.67 0.33 0
0.67 0.33 0
0.67 0.33 0
0.67 0.33 0
0.67 0.33 0
0.67 0.33 0
0.67 0.33 0
0.67 0.33 0
0.67 0.33 0
0.67 0.33 0
0.67 0.33 0
0.67 0.33 0
0.67 0.33 0
0.67 0.33 0
0.67 0.33 0
0.67 0.33 0
0.67 0.33 0
0.67 0.33 0
0.67 0.33 0
</Weights>
            </BorderPart>
        </Border>
        <Border Name="R_A6dl_R" Red="0" Green="0.415686" Blue="0.0352941">
            <BorderPart Closed="True">
                <Vertices>77737 77738 77747
77747 77738 77737
77747 77748 77738
77755 77748 77747
77756 77748 77755
77756 77749 77748
77756 77757 77749
77756 77763 77757
77762 77763 77756
77762 77770 77763
77769 77770 77762
77769 77778 77770
77769 77777 77778
79081 77777 77769
79081 79088 77777
79087 79088 79081
79087 79097 79088
80399 79097 79087
80399 80416 79097
80415 80416 80399
80415 80435 80434
80434 80435 80415
80434 80452 80451
80451 80452 79133
80451 79133 80452
80451 80464 79133
80451 80463 80450
80450 80463 80451
81657 80463 80450
81657 81666 80463
82734 81666 81657
82734 82747 81666
82735 82747 82734
82735 82748 82747
82736 82748 82735
82749 82748 82736
82749 82764 82748
82749 82765 82764
83791 82765 82749
83806 82765 83791
82766 82765 82783
82766 82783 82765
82784 82783 82766
82784 82802 82783
82803 82802 82784
82803 82816 82802
82803 82817 82816
83831 82817 82803
83843 82817 83831
83843 82829 82817
83843 83852 82829
84871 83852 83843
84878 83852 83859
84878 83859 83852
84878 84884 83859
85883 84884 84878
85883 85895 84884
85882 85895 85883
85882 85894 85895
86930 85894 85882
86930 85893 86929
86930 86929 85893
86930 86904 86905
86905 86904 86930
88006 86904 88005
88006 88005 86904
87981 88005 87980
87981 87980 88005
89140 87980 89139
89140 89139 87980
89124 89139 89123
89124 89123 89108
89124 89108 89123
89109 89108 89124
90259 89108 90242
90242 89108 89090
90242 89090 90224
90242 90224 89090
90243 90224 90225
90225 90224 90203
90225 90203 90204
90204 90203 90225
90204 91287 90203
91288 91287 90204
91288 91274 91275
91275 91274 91288
92352 91274 92343
92352 92343 91274
92351 92343 92342
92351 92342 91258
92351 91258 91273
92351 91273 91258
92363 91273 91286
92363 91286 91273
92362 91286 91285
92362 91285 91286
92362 92377 91285
93398 92377 92362
93397 92377 92376
93397 92376 92377
93408 92376 92388
93408 92388 92376
93408 93415 92388
93408 94453 94443
94443 94453 93408
95465 94453 94443
95465 95476 94453
95465 96469 95476
96457 96469 95465
96457 96458 96469
96457 97395 97388
96457 97388 96446
96446 97388 97382
96446 97382 96436
96436 97382 97381
97381 97382 96436
97372 97382 97381
97372 97373 97382
97372 98260 97373
97372 98259 97366
97366 98259 97372
97366 98250 97358
97366 97358 97357
97366 97357 97365
97365 97357 96409
96409 97357 96391
96391 97357 97351
96391 97351 96375
96375 97351 97352
97352 97351 96375
97352 97345 97346
97346 97345 97352
97346 98212 97338
97338 98212 97346
97338 98199 97329
97329 98199 97338
97329 98188 97317
97317 98188 97329
97317 98175 98176
98176 98175 97317
98176 98189 98175
98176 99010 98189
98176 98998 98999
98999 98998 98176
98999 99011 98998
99012 99011 98999
99012 99792 99011
99012 99793 99792
99013 99793 99012
99794 99793 99013
99794 99802 99023
99023 99802 99794
99023 99033 99034
99034 99033 99023
99034 99044 99033
99045 99044 99034
99058 99044 99057
99058 99057 99044
99058 99074 99057
99075 99074 99058
99075 99088 99074
99089 99088 99075
99089 99854 99088
99089 99855 99854
99090 99855 99089
99090 99856 99855
99091 99856 99090
99091 99857 99856
99092 99857 99091
99092 99858 99843
99843 99858 99092
99843 99844 99079
99079 99844 99843
99080 99844 99079
99080 99845 99831
99831 99845 99080
99831 100618 99845
99831 100605 99832
99832 100605 99831
99832 100606 99820
99820 100606 99832
99820 100595 99821
99821 100595 99820
99821 100596 99811
99811 100596 99821
99811 100589 99812
99812 100589 99811
99812 100590 99803
99812 99803 99028
99028 99803 99029
99028 99029 98208
98208 99029 98196
98208 98196 98195
98195 98196 98183
98195 98183 97326
98195 97326 97336
97336 97326 97325
97325 97326 97312
97312 97326 97325
97312 97313 97301
97312 97301 97300
97300 97301 97287
97287 97301 97300
97287 97288 96325
96325 97288 96314
96314 97288 96325
96314 97272 96315
96315 97272 96314
96315 97273 96300
96300 97273 96315
96300 97263 96301
96300 96301 95335
95335 96301 96300
95335 95336 95322
95322 95336 94346
95322 94346 94333
94333 94346 94347
94333 94347 94346
94333 94334 93295
94333 93295 93294
93294 93295 92269
93294 92269 92255
93294 92255 93281
93294 93281 92255
93280 93281 92254
93280 92254 92253
92253 92254 91166
91166 92254 92253
91166 91167 91155
91166 91155 91154
91154 91155 90040
91154 90040 90039
90039 90040 88854
90039 88854 88853
88853 88854 88864
88853 88864 88854
88853 88863 87714
88853 87714 87707
87707 87714 87713
87713 87714 87707
87713 87719 87718
87718 87719 87713
87718 87725 87724
87724 87725 87718
87724 87729 86678
86678 87729 87724
86682 87729 86678
86682 86686 86685
86685 86686 86682
86685 87734 86686
86685 86690 85690
85690 86690 86685
85690 85695 84702
85690 84702 84700
84700 84702 83671
83671 84702 84700
83671 83680 83679
83671 83679 83670
83670 83679 83678
83678 83679 82643
83678 82643 82635
82635 82643 81569
81569 82643 82635
81569 81570 80316
81569 80316 80315
80315 80316 79017
80315 79017 79016
79016 79017 77737
77737 79017 79016
</Vertices>
                <Weights>0.67 0.33 0
0.67 0.33 0
0.67 0.33 0
0.67 0.33 0
0.67 0.33 0
0.67 0.33 0
0.67 0.33 0
0.67 0.33 0
0.67 0.33 0
0.67 0.33 0
0.67 0.33 0
0.67 0.33 0
0.67 0.33 0
0.67 0.33 0
0.67 0.33 0
0.67 0.33 0
0.67 0.33 0
0.67 0.33 0
0.67 0.33 0
0.67 0.33 0
0.67 0.33 0
0.67 0.33 0
0.67 0.33 0
0.67 0.33 0
0.67 0.33 0
0.67 0.33 0
0.67 0.33 0
0.67 0.33 0
0.67 0.33 0
0.67 0.33 0
0.67 0.33 0
0.67 0.33 0
0.67 0.33 0
0.67 0.33 0
0.67 0.33 0
0.67 0.33 0
0.67 0.33 0
0.67 0.33 0
0.67 0.33 0
0.67 0.33 0
0.67 0.33 0
0.67 0.33 0
0.67 0.33 0
0.67 0.33 0
0.67 0.33 0
0.67 0.33 0
0.67 0.33 0
0.67 0.33 0
0.67 0.33 0
0.67 0.33 0
0.67 0.33 0
0.67 0.33 0
0.67 0.33 0
0.67 0.33 0
0.67 0.33 0
0.67 0.33 0
0.67 0.33 0
0.67 0.33 0
0.67 0.33 0
0.67 0.33 0
0.67 0.33 0
0.67 0.33 0
0.67 0.33 0
0.67 0.33 0
0.67 0.33 0
0.67 0.33 0
0.67 0.33 0
0.67 0.33 0
0.67 0.33 0
0.67 0.33 0
0.67 0.33 0
0.67 0.33 0
0.67 0.33 0
0.67 0.33 0
0.67 0.33 0
0.67 0.33 0
0.67 0.33 0
0.67 0.33 0
0.67 0.33 0
0.67 0.33 0
0.67 0.33 0
0.67 0.33 0
0.67 0.33 0
0.67 0.33 0
0.67 0.33 0
0.67 0.33 0
0.67 0.33 0
0.67 0.33 0
0.67 0.33 0
0.67 0.33 0
0.67 0.33 0
0.67 0.33 0
0.67 0.33 0
0.67 0.33 0
0.67 0.33 0
0.67 0.33 0
0.67 0.33 0
0.67 0.33 0
0.67 0.33 0
0.67 0.33 0
0.67 0.33 0
0.67 0.33 0
0.67 0.33 0
0.67 0.33 0
0.67 0.33 0
0.67 0.33 0
0.67 0.33 0
0.67 0.33 0
0.67 0.33 0
0.67 0.33 0
0.67 0.33 0
0.67 0.33 0
0.67 0.33 0
0.67 0.33 0
0.67 0.33 0
0.67 0.33 0
0.67 0.33 0
0.67 0.33 0
0.67 0.33 0
0.67 0.33 0
0.67 0.33 0
0.67 0.33 0
0.67 0.33 0
0.67 0.33 0
0.67 0.33 0
0.67 0.33 0
0.67 0.33 0
0.67 0.33 0
0.67 0.33 0
0.67 0.33 0
0.67 0.33 0
0.67 0.33 0
0.67 0.33 0
0.67 0.33 0
0.67 0.33 0
0.67 0.33 0
0.67 0.33 0
0.67 0.33 0
0.67 0.33 0
0.67 0.33 0
0.67 0.33 0
0.67 0.33 0
0.67 0.33 0
0.67 0.33 0
0.67 0.33 0
0.67 0.33 0
0.67 0.33 0
0.67 0.33 0
0.67 0.33 0
0.67 0.33 0
0.67 0.33 0
0.67 0.33 0
0.67 0.33 0
0.67 0.33 0
0.67 0.33 0
0.67 0.33 0
0.67 0.33 0
0.67 0.33 0
0.67 0.33 0
0.67 0.33 0
0.67 0.33 0
0.67 0.33 0
0.67 0.33 0
0.67 0.33 0
0.67 0.33 0
0.67 0.33 0
0.67 0.33 0
0.67 0.33 0
0.67 0.33 0
0.67 0.33 0
0.67 0.33 0
0.67 0.33 0
0.67 0.33 0
0.67 0.33 0
0.67 0.33 0
0.67 0.33 0
0.67 0.33 0
0.67 0.33 0
0.67 0.33 0
0.67 0.33 0
0.67 0.33 0
0.67 0.33 0
0.67 0.33 0
0.67 0.33 0
0.67 0.33 0
0.67 0.33 0
0.67 0.33 0
0.67 0.33 0
0.67 0.33 0
0.67 0.33 0
0.67 0.33 0
0.67 0.33 0
0.67 0.33 0
0.67 0.33 0
0.67 0.33 0
0.67 0.33 0
0.67 0.33 0
0.67 0.33 0
0.67 0.33 0
0.67 0.33 0
0.67 0.33 0
0.67 0.33 0
0.67 0.33 0
0.67 0.33 0
0.67 0.33 0
0.67 0.33 0
0.67 0.33 0
0.67 0.33 0
0.67 0.33 0
0.67 0.33 0
0.67 0.33 0
0.67 0.33 0
0.67 0.33 0
0.67 0.33 0
0.67 0.33 0
0.67 0.33 0
0.67 0.33 0
0.67 0.33 0
0.67 0.33 0
0.67 0.33 0
