<?xml version="1.0" encoding="UTF-8"?>
<BorderFile Version="3" Structure="CORTEX_LEFT" SurfaceNumberOfVertices="32492">
    <MetaData>
        <MD>
            <Name>ParentProvenance</Name>
            <Value>fsaverage.L.white.32k_fs_LR.surf.gii:
/DATA/232/lqcheng/software/workbench/bin_rh_linux64/../exe_rh_linux64/wb_command -surface-resample /DATA/232/lqcheng/Human/HCP/05_subjects/average/MNILinear/Native/average.L.white.native.surf.gii /DATA/232/lqcheng/Human/HCP/05_subjects/average/MNILinear/Native/average.L.sphere.reg.reg_LR.native.surf.gii /DATA/232/lqcheng/Human/HCP/05_subjects/average/MNILinear/fsaverage_LR32k/average.L.sphere.32k_fs_LR.surf.gii BARYCENTRIC /DATA/232/lqcheng/Human/HCP/05_subjects/average/MNILinear/fsaverage_LR32k/average.L.white.32k_fs_LR.surf.gii

fsaverage.L.BN_Atlas.32k_fs_LR.label.gii:
/DATA/232/lqcheng/software/workbench/bin_rh_linux64/../exe_rh_linux64/wb_command -label-resample /DATA/232/lqcheng/Human/HCP/05_subjects/average/MNILinear/Native/average.L.BN_Atlas.native.label.gii /DATA/232/lqcheng/Human/HCP/05_subjects/average/MNILinear/Native/average.L.sphere.reg.reg_LR.native.surf.gii /DATA/232/lqcheng/Human/HCP/05_subjects/average/MNILinear/fsaverage_LR32k/average.L.sphere.32k_fs_LR.surf.gii BARYCENTRIC /DATA/232/lqcheng/Human/HCP/05_subjects/average/MNILinear/fsaverage_LR32k/average.L.BN_Atlas.32k_fs_LR.label.gii -largest

</Value>
        </MD>
        <MD>
            <Name>ProgramProvenance</Name>
            <Value>Connectome Workbench
Type: Command Line Application
Version: 1.2.3
Qt Compiled Version: 4.8.4
Qt Runtime Version: 4.8.4
Commit: c170db0277de04cb8a5c04fdf96e45adcda47d6d
Commit Date: 2016-08-23 19:08:10 -0500
Compiled with OpenMP: YES
Compiler: g++44 (/usr/bin)
Compiler Version: 4.4.7
Compiled Debug: NO
Operating System: Linux
</Value>
        </MD>
        <MD>
            <Name>Provenance</Name>
            <Value>/DATA/232/lqcheng/software/workbench/bin_rh_linux64/../exe_rh_linux64/wb_command -label-to-border fsaverage.L.white.32k_fs_LR.surf.gii fsaverage.L.BN_Atlas.32k_fs_LR.label.gii fsaverage.L.BN_Atlas.32k_fs_LR.border</Value>
        </MD>
        <MD>
            <Name>WorkingDirectory</Name>
            <Value>/DATA/232/lqcheng/Human/HCP/05_subjects/BN_Atlas_freesurfer6.0/fsaverage/fsaverage_LR32k</Value>
        </MD>
    </MetaData>
    <Class Name="average_L_BN_Atlas" Red="0" Green="0" Blue="0">
        <Border Name="L_A8m_L" Red="0" Green="1" Blue="0">
            <BorderPart Closed="True">
                <Vertices>1759 1758 1870
1870 1758 1869
1870 1869 1758
1924 1869 1923
1924 1923 1869
1977 1923 1976
1977 1976 1923
2029 1976 2028
2029 2028 1976
2080 2028 2079
2080 2079 2028
2130 2079 2129
2129 2079 2078
2129 2078 2128
2129 2128 2078
2178 2128 2177
2178 2177 2128
2178 2226 2177
2227 2226 2178
2274 2226 2273
2274 2273 2226
2274 2320 2273
2321 2320 2274
2321 2366 2320
2367 2366 2321
2367 2411 2366
2412 2411 2367
2455 2411 2454
2455 2454 2411
2497 2454 2496
2497 2496 2454
2538 2496 2537
2538 2537 2496
2538 2578 2537
2579 2578 2538
2579 2618 2578
2579 2619 2618
2579 2580 2539
2539 2580 2579
2540 2580 2539
2540 2581 2580
2540 2541 2499
2499 2541 2540
2499 2500 2457
2457 2500 2499
2458 2500 2457
2458 2501 2500
2458 2459 2415
2415 2459 2458
2416 2459 2415
2416 2460 2459
2416 2417 2372
2372 2417 2416
2373 2417 2372
2373 2418 2417
2374 2418 2373
2374 2419 2418
2375 2419 2374
2375 2420 2419
2375 2376 2330
2330 2376 2375
2331 2376 2330
2331 2377 2376
2331 2332 2285
2285 2332 2331
2286 2332 2285
2286 2333 2332
2287 2333 2286
2287 2334 2333
2288 2334 2287
2288 2335 2334
2288 2289 2241
2241 2289 2288
2242 2289 2241
2242 2290 2289
2242 2243 2194
2194 2243 2242
2195 2243 2194
2195 1783 2243
2195 1782 2146
2146 1782 2195
1781 1782 2146
29396 1782 29390
29396 29390 29389
29396 29389 29395
29396 29395 29389
29401 29395 29400
29401 29400 29395
29401 29405 29400
1780 29405 29401
1779 29405 29408
1779 29408 29405
1778 29408 29410
1778 29410 29408
1778 1777 1940
1940 1777 1886
1886 1777 1940
1886 1776 1775
1775 1776 1886
1775 3 1776
1775 3483 5023
5023 3483 1775
5023 3482 5022
5022 3482 5023
5022 3481 5020
5020 3481 5022
5020 3480 5017
5017 3480 5020
3479 3480 5017
3479 6666 6661
3479 6661 3478
3478 6661 6655
3478 6655 3477
3478 3477 5008
5008 3477 5002
5002 3477 5008
3476 3477 5002
3476 6648 6640
3476 6640 3475
3475 6640 6631
3475 6631 3474
3475 3474 4987
4987 3474 4978
4987 4978 4977
4977 4978 4967
4977 4967 4966
4966 4967 4955
4966 4955 4954
4954 4955 4942
4954 4942 4941
4954 4941 4953
4953 4941 4940
4953 4940 4952
4952 4940 4939
4952 4939 4951
4951 4939 4938
4938 4939 4925
4938 4925 4924
4924 4925 4910
4924 4910 4909
4924 4909 4923
4923 4909 4908
4923 4908 4922
4922 4908 4907
4907 4908 4892
4907 4892 4891
4907 4891 4906
4906 4891 4890
4906 4890 4905
4905 4890 4889
4889 4890 4873
4889 4873 4872
4889 4872 4888
4888 4872 4871
4888 4871 1759
1759 4871 1758
</Vertices>
                <Weights>0.67 0.33 0
0.67 0.33 0
0.67 0.33 0
0.67 0.33 0
0.67 0.33 0
0.67 0.33 0
0.67 0.33 0
0.67 0.33 0
0.67 0.33 0
0.67 0.33 0
0.67 0.33 0
0.67 0.33 0
0.67 0.33 0
0.67 0.33 0
0.67 0.33 0
0.67 0.33 0
0.67 0.33 0
0.67 0.33 0
0.67 0.33 0
0.67 0.33 0
0.67 0.33 0
0.67 0.33 0
0.67 0.33 0
0.67 0.33 0
0.67 0.33 0
0.67 0.33 0
0.67 0.33 0
0.67 0.33 0
0.67 0.33 0
0.67 0.33 0
0.67 0.33 0
0.67 0.33 0
0.67 0.33 0
0.67 0.33 0
0.67 0.33 0
0.67 0.33 0
0.67 0.33 0
0.67 0.33 0
0.67 0.33 0
0.67 0.33 0
0.67 0.33 0
0.67 0.33 0
0.67 0.33 0
0.67 0.33 0
0.67 0.33 0
0.67 0.33 0
0.67 0.33 0
0.67 0.33 0
0.67 0.33 0
0.67 0.33 0
0.67 0.33 0
0.67 0.33 0
0.67 0.33 0
0.67 0.33 0
0.67 0.33 0
0.67 0.33 0
0.67 0.33 0
0.67 0.33 0
0.67 0.33 0
0.67 0.33 0
0.67 0.33 0
0.67 0.33 0
0.67 0.33 0
0.67 0.33 0
0.67 0.33 0
0.67 0.33 0
0.67 0.33 0
0.67 0.33 0
0.67 0.33 0
0.67 0.33 0
0.67 0.33 0
0.67 0.33 0
0.67 0.33 0
0.67 0.33 0
0.67 0.33 0
0.67 0.33 0
0.67 0.33 0
0.67 0.33 0
0.67 0.33 0
0.67 0.33 0
0.67 0.33 0
0.67 0.33 0
0.67 0.33 0
0.67 0.33 0
0.67 0.33 0
0.67 0.33 0
0.67 0.33 0
0.67 0.33 0
0.67 0.33 0
0.67 0.33 0
0.67 0.33 0
0.67 0.33 0
0.67 0.33 0
0.67 0.33 0
0.67 0.33 0
0.67 0.33 0
0.67 0.33 0
0.67 0.33 0
0.67 0.33 0
0.67 0.33 0
0.67 0.33 0
0.67 0.33 0
0.67 0.33 0
0.67 0.33 0
0.67 0.33 0
0.67 0.33 0
0.67 0.33 0
0.67 0.33 0
0.67 0.33 0
0.67 0.33 0
0.67 0.33 0
0.67 0.33 0
0.67 0.33 0
0.67 0.33 0
0.67 0.33 0
0.67 0.33 0
0.67 0.33 0
0.67 0.33 0
0.67 0.33 0
0.67 0.33 0
0.67 0.33 0
0.67 0.33 0
0.67 0.33 0
0.67 0.33 0
0.67 0.33 0
0.67 0.33 0
0.67 0.33 0
0.67 0.33 0
0.67 0.33 0
0.67 0.33 0
0.67 0.33 0
0.67 0.33 0
0.67 0.33 0
0.67 0.33 0
0.67 0.33 0
0.67 0.33 0
0.67 0.33 0
0.67 0.33 0
0.67 0.33 0
0.67 0.33 0
0.67 0.33 0
0.67 0.33 0
0.67 0.33 0
0.67 0.33 0
0.67 0.33 0
0.67 0.33 0
0.67 0.33 0
0.67 0.33 0
0.67 0.33 0
0.67 0.33 0
0.67 0.33 0
0.67 0.33 0
0.67 0.33 0
0.67 0.33 0
0.67 0.33 0
0.67 0.33 0
</Weights>
            </BorderPart>
        </Border>
        <Border Name="L_A8dl_L" Red="1" Green="0" Blue="0">
            <BorderPart Closed="True">
                <Vertices>3 1775 1776
3 1776 1775
27816 1776 29411
27816 29411 27817
27816 27817 29411
29466 27817 29465
29465 27817 27818
29465 27818 29464
29465 29464 27818
29519 29464 29518
29518 29464 29463
29518 29463 29517
29517 29463 29462
29517 29462 29516
29516 29462 29461
29516 29461 29515
29515 29461 29460
29515 29460 29514
29515 29514 29460
29568 29514 29567
29567 29514 29513
29513 29514 29459
29513 29459 29458
29513 29458 29512
29512 29458 29457
29512 29457 29511
29511 29457 29456
29511 29456 29510
29511 29510 29456
29564 29510 29563
29563 29510 29509
29563 29509 29562
29562 29509 29508
29562 29508 29561
29561 29508 29507
29561 29507 29560
29560 29507 29506
29560 29506 29559
29559 29506 29505
29559 29505 29558
29558 29505 29504
29558 29504 29557
29558 29557 29504
29610 29557 29609
29609 29557 29556
29609 29556 29608
29608 29556 29555
29555 29556 29502
29555 29502 29501
29555 29501 29554
29554 29501 29500
29554 29500 29553
29553 29500 29499
29553 29499 29552
29552 29499 29498
29552 29498 29551
29552 29551 29498
29604 29551 29603
29604 29603 29551
29604 29655 29603
29656 29655 29604
29706 29655 29705
29706 29705 29655
29755 29705 29754
29755 29754 29705
29755 29803 29754
29804 29803 29755
29851 29803 29850
29851 29850 29803
29851 29897 29850
29898 29897 29851
29898 29943 29897
29944 29943 29898
29944 29988 29943
29989 29988 29944
29989 30032 29988
30033 30032 29989
30033 30075 30032
30076 30075 30033
30076 30117 30075
30076 30118 30117
30077 30118 30076
30119 30118 30077
30119 30159 30118
30119 30160 30159
30120 30160 30119
30120 30161 30160
30121 30161 30120
30121 30162 30161
30122 30162 30121
30163 30162 30122
30163 30202 30162
30203 30202 30163
30203 30241 30202
30242 30241 30203
30242 30279 30241
30280 30279 30242
30280 30316 30279
30317 30316 30280
30317 30352 30316
30353 30352 30317
30353 30387 30352
30388 30387 30353
30388 30421 30387
30388 30422 30421
30389 30422 30388
30389 30423 30422
30390 30423 30389
30390 5113 30423
30390 5114 30356
30356 5114 30390
5115 5114 6465
5115 6465 6485
5115 6485 6465
5116 6485 6504
6504 6485 6484
6504 6484 6503
6504 6503 6484
6522 6503 6521
6521 6503 6502
6521 6502 6520
6521 6520 6502
6538 6520 6537
6537 6520 6519
6537 6519 6536
6537 6536 6519
6553 6536 6552
6552 6536 6535
6552 6535 6551
6552 6551 6535
6567 6551 6566
6566 6551 6550
6566 6550 6565
6566 6565 6550
6580 6565 6579
6580 6579 6565
6593 6579 6592
6593 6592 6579
6605 6592 6604
6605 6604 6592
6616 6604 6615
6615 6604 6603
6615 6603 6614
6615 6614 6603
6625 6614 6624
6624 6614 6613
6624 6613 6623
6624 6623 6613
6633 6623 6632
6632 6623 6622
6632 6622 6631
6632 6631 6622
6640 6631 3475
6640 3475 6631
6640 3476 3475
6648 3476 6640
3477 3476 5002
3477 5002 5008
3477 5008 5002
3477 3478 5008
6655 3478 3477
6661 3478 6655
6661 3479 3478
6666 3479 6661
3480 3479 5017
3480 5017 5020
3480 5020 5017
3481 5020 5022
3481 5022 5020
3482 5022 5023
3482 5023 5022
3483 5023 1775
3483 1775 5023
</Vertices>
                <Weights>0.67 0.33 0
0.67 0.33 0
0.67 0.33 0
0.67 0.33 0
0.67 0.33 0
0.67 0.33 0
0.67 0.33 0
0.67 0.33 0
0.67 0.33 0
0.67 0.33 0
0.67 0.33 0
0.67 0.33 0
0.67 0.33 0
0.67 0.33 0
0.67 0.33 0
0.67 0.33 0
0.67 0.33 0
0.67 0.33 0
0.67 0.33 0
0.67 0.33 0
0.67 0.33 0
0.67 0.33 0
0.67 0.33 0
0.67 0.33 0
0.67 0.33 0
0.67 0.33 0
0.67 0.33 0
0.67 0.33 0
0.67 0.33 0
0.67 0.33 0
0.67 0.33 0
0.67 0.33 0
0.67 0.33 0
0.67 0.33 0
0.67 0.33 0
0.67 0.33 0
0.67 0.33 0
0.67 0.33 0
0.67 0.33 0
0.67 0.33 0
0.67 0.33 0
0.67 0.33 0
0.67 0.33 0
0.67 0.33 0
0.67 0.33 0
0.67 0.33 0
0.67 0.33 0
0.67 0.33 0
0.67 0.33 0
0.67 0.33 0
0.67 0.33 0
0.67 0.33 0
0.67 0.33 0
0.67 0.33 0
0.67 0.33 0
0.67 0.33 0
0.67 0.33 0
0.67 0.33 0
0.67 0.33 0
0.67 0.33 0
0.67 0.33 0
0.67 0.33 0
0.67 0.33 0
0.67 0.33 0
0.67 0.33 0
0.67 0.33 0
0.67 0.33 0
0.67 0.33 0
0.67 0.33 0
0.67 0.33 0
0.67 0.33 0
0.67 0.33 0
0.67 0.33 0
0.67 0.33 0
0.67 0.33 0
0.67 0.33 0
0.67 0.33 0
0.67 0.33 0
0.67 0.33 0
0.67 0.33 0
0.67 0.33 0
0.67 0.33 0
0.67 0.33 0
0.67 0.33 0
0.67 0.33 0
0.67 0.33 0
0.67 0.33 0
0.67 0.33 0
0.67 0.33 0
0.67 0.33 0
0.67 0.33 0
0.67 0.33 0
0.67 0.33 0
0.67 0.33 0
0.67 0.33 0
0.67 0.33 0
0.67 0.33 0
0.67 0.33 0
0.67 0.33 0
0.67 0.33 0
0.67 0.33 0
0.67 0.33 0
0.67 0.33 0
0.67 0.33 0
0.67 0.33 0
0.67 0.33 0
0.67 0.33 0
0.67 0.33 0
0.67 0.33 0
0.67 0.33 0
0.67 0.33 0
0.67 0.33 0
0.67 0.33 0
0.67 0.33 0
0.67 0.33 0
0.67 0.33 0
0.67 0.33 0
0.67 0.33 0
0.67 0.33 0
0.67 0.33 0
0.67 0.33 0
0.67 0.33 0
0.67 0.33 0
0.67 0.33 0
0.67 0.33 0
0.67 0.33 0
0.67 0.33 0
0.67 0.33 0
0.67 0.33 0
0.67 0.33 0
0.67 0.33 0
0.67 0.33 0
0.67 0.33 0
0.67 0.33 0
0.67 0.33 0
0.67 0.33 0
0.67 0.33 0
0.67 0.33 0
0.67 0.33 0
0.67 0.33 0
0.67 0.33 0
0.67 0.33 0
0.67 0.33 0
0.67 0.33 0
0.67 0.33 0
0.67 0.33 0
0.67 0.33 0
0.67 0.33 0
0.67 0.33 0
0.67 0.33 0
0.67 0.33 0
0.67 0.33 0
0.67 0.33 0
0.67 0.33 0
0.67 0.33 0
0.67 0.33 0
0.67 0.33 0
0.67 0.33 0
0.67 0.33 0
0.67 0.33 0
0.67 0.33 0
0.67 0.33 0
0.67 0.33 0
0.67 0.33 0
0.67 0.33 0
0.67 0.33 0
0.67 0.33 0
0.67 0.33 0
0.67 0.33 0
0.67 0.33 0
0.67 0.33 0
0.67 0.33 0
0.67 0.33 0
</Weights>
            </BorderPart>
        </Border>
        <Border Name="L_A9l_L" Red="1" Green="0.482353" Blue="0.862745">
            <BorderPart Closed="True">
                <Vertices>1776 3 1775
1776 1775 1886
1776 1886 1775
1777 1886 1940
1777 1940 1886
1777 1778 1940
29410 1778 29408
29408 1778 29410
29408 1779 29405
29405 1779 29408
29405 1780 29401
29405 29401 29400
29400 29401 29395
29395 29401 29400
29395 29396 29389
29395 29389 29388
29388 29389 29381
29388 29381 29380
29380 29381 29372
29380 29372 29371
29371 29372 29362
29371 29362 29361
29361 29362 29351
29361 29351 29350
29350 29351 29339
29350 29339 29338
29338 29339 29326
29338 29326 29325
29325 29326 29312
29312 29326 29325
29312 29313 29298
29312 29298 29297
29297 29298 29282
29282 29298 29297
29282 29283 29266
29282 29266 29265
29265 29266 29248
29248 29266 29265
29248 29249 29230
29248 29230 29229
29229 29230 29210
29210 29230 29229
29210 29211 29190
29210 29190 29189
29189 29190 29168
29189 29168 29167
29167 29168 29145
29167 29145 29144
29144 29145 29121
29121 29145 29144
29121 29122 29097
29121 29097 29096
29096 29097 29071
29071 29097 29096
29071 29072 29045
29071 29045 29044
29044 29045 29017
29017 29045 29044
29017 29018 28989
28989 29018 29017
28989 28990 28960
28960 28990 28989
28960 28961 28930
28960 28930 28929
28929 28930 28898
28929 28898 28897
28897 28898 28865
28897 28865 28864
28864 28865 28831
28864 28831 28830
28830 28831 28796
28830 28796 28795
28795 28796 28760
28795 28760 28759
28759 28760 28723
28759 28723 28722
28722 28723 28685
28685 28723 28722
28685 28686 28647
28685 28647 28646
28685 28646 28684
28684 28646 28645
28645 28646 28606
28645 28606 28605
28645 28605 28644
28644 28605 28604
28604 28605 28564
28604 28564 28563
28604 28563 28603
28603 28563 28562
28562 28563 28521
28562 28521 28520
28562 28520 28561
28562 28561 28520
28602 28561 28601
28602 28601 28561
28641 28601 28640
28641 28640 28601
28641 28679 28640
28680 28679 28641
28717 28679 28716
28717 28716 28679
28753 28716 28752
28753 28752 28716
28753 28788 28752
28789 28788 28753
28823 28788 28822
28823 28822 28788
28856 28822 28855
28856 28855 28822
28856 28888 28855
28889 28888 28856
28889 28920 28888
28921 28920 28889
28951 28920 28950
28951 28950 28920
28980 28950 28979
28980 28979 28950
29008 28979 29007
29008 29007 28979
29008 29035 29007
29036 29035 29008
29062 29035 29061
29062 29061 29035
29062 29087 29061
29088 29087 29062
29112 29087 27840
29112 27840 29087
27839 27840 29112
27839 29443 27840
29444 29443 27839
29444 29498 29443
29499 29498 29444
29499 29552 29498
29499 29553 29552
29500 29553 29499
29500 29554 29553
29501 29554 29500
29501 29555 29554
29502 29555 29501
29556 29555 29502
29556 29608 29555
29556 29609 29608
29557 29609 29556
29557 29610 29609
29557 29558 29504
29504 29558 29557
29505 29558 29504
29505 29559 29558
29506 29559 29505
29506 29560 29559
29507 29560 29506
29507 29561 29560
29508 29561 29507
29508 29562 29561
29509 29562 29508
29509 29563 29562
29510 29563 29509
29510 29564 29563
29510 29511 29456
29456 29511 29510
29457 29511 29456
29457 29512 29511
29458 29512 29457
29458 29513 29512
29459 29513 29458
29514 29513 29459
29514 29567 29513
29514 29568 29567
29514 29515 29460
29460 29515 29514
29461 29515 29460
29461 29516 29515
29462 29516 29461
29462 29517 29516
29463 29517 29462
29463 29518 29517
29464 29518 29463
29464 29519 29518
29464 29465 27818
27818 29465 29464
27817 29465 27818
27817 29466 29465
27817 27816 29411
29411 27816 27817
1776 27816 29411
</Vertices>
                <Weights>0.67 0.33 0
0.67 0.33 0
0.67 0.33 0
0.67 0.33 0
0.67 0.33 0
0.67 0.33 0
0.67 0.33 0
0.67 0.33 0
0.67 0.33 0
0.67 0.33 0
0.67 0.33 0
0.67 0.33 0
0.67 0.33 0
0.67 0.33 0
0.67 0.33 0
0.67 0.33 0
0.67 0.33 0
0.67 0.33 0
0.67 0.33 0
0.67 0.33 0
0.67 0.33 0
0.67 0.33 0
0.67 0.33 0
0.67 0.33 0
0.67 0.33 0
0.67 0.33 0
0.67 0.33 0
0.67 0.33 0
0.67 0.33 0
0.67 0.33 0
0.67 0.33 0
0.67 0.33 0
0.67 0.33 0
0.67 0.33 0
0.67 0.33 0
0.67 0.33 0
0.67 0.33 0
0.67 0.33 0
0.67 0.33 0
0.67 0.33 0
0.67 0.33 0
0.67 0.33 0
0.67 0.33 0
0.67 0.33 0
0.67 0.33 0
0.67 0.33 0
0.67 0.33 0
0.67 0.33 0
0.67 0.33 0
0.67 0.33 0
0.67 0.33 0
0.67 0.33 0
0.67 0.33 0
0.67 0.33 0
0.67 0.33 0
0.67 0.33 0
0.67 0.33 0
0.67 0.33 0
0.67 0.33 0
0.67 0.33 0
0.67 0.33 0
0.67 0.33 0
0.67 0.33 0
0.67 0.33 0
0.67 0.33 0
0.67 0.33 0
0.67 0.33 0
0.67 0.33 0
0.67 0.33 0
0.67 0.33 0
0.67 0.33 0
0.67 0.33 0
0.67 0.33 0
0.67 0.33 0
0.67 0.33 0
0.67 0.33 0
0.67 0.33 0
0.67 0.33 0
0.67 0.33 0
0.67 0.33 0
0.67 0.33 0
0.67 0.33 0
0.67 0.33 0
0.67 0.33 0
0.67 0.33 0
0.67 0.33 0
0.67 0.33 0
0.67 0.33 0
0.67 0.33 0
0.67 0.33 0
0.67 0.33 0
0.67 0.33 0
0.67 0.33 0
0.67 0.33 0
0.67 0.33 0
0.67 0.33 0
0.67 0.33 0
0.67 0.33 0
0.67 0.33 0
0.67 0.33 0
0.67 0.33 0
0.67 0.33 0
0.67 0.33 0
0.67 0.33 0
0.67 0.33 0
0.67 0.33 0
0.67 0.33 0
0.67 0.33 0
0.67 0.33 0
0.67 0.33 0
0.67 0.33 0
0.67 0.33 0
0.67 0.33 0
0.67 0.33 0
0.67 0.33 0
0.67 0.33 0
0.67 0.33 0
0.67 0.33 0
0.67 0.33 0
0.67 0.33 0
0.67 0.33 0
0.67 0.33 0
0.67 0.33 0
0.67 0.33 0
0.67 0.33 0
0.67 0.33 0
0.67 0.33 0
0.67 0.33 0
0.67 0.33 0
0.67 0.33 0
0.67 0.33 0
0.67 0.33 0
0.67 0.33 0
0.67 0.33 0
0.67 0.33 0
0.67 0.33 0
0.67 0.33 0
0.67 0.33 0
0.67 0.33 0
0.67 0.33 0
0.67 0.33 0
0.67 0.33 0
0.67 0.33 0
0.67 0.33 0
0.67 0.33 0
0.67 0.33 0
0.67 0.33 0
0.67 0.33 0
0.67 0.33 0
0.67 0.33 0
0.67 0.33 0
0.67 0.33 0
0.67 0.33 0
0.67 0.33 0
0.67 0.33 0
0.67 0.33 0
0.67 0.33 0
0.67 0.33 0
0.67 0.33 0
0.67 0.33 0
0.67 0.33 0
0.67 0.33 0
0.67 0.33 0
0.67 0.33 0
0.67 0.33 0
0.67 0.33 0
0.67 0.33 0
0.67 0.33 0
0.67 0.33 0
0.67 0.33 0
0.67 0.33 0
0.67 0.33 0
0.67 0.33 0
0.67 0.33 0
0.67 0.33 0
0.67 0.33 0
0.67 0.33 0
0.67 0.33 0
0.67 0.33 0
0.67 0.33 0
0.67 0.33 0
0.67 0.33 0
0.67 0.33 0
0.67 0.33 0
0.67 0.33 0
0.67 0.33 0
</Weights>
            </BorderPart>
        </Border>
        <Border Name="L_A6dl_L" Red="0" Green="0.552941" Blue="1">
            <BorderPart Closed="True">
                <Vertices>3467 3466 4887
3467 4887 4903
4903 4887 4886
4903 4886 4902
4903 4902 4886
4918 4902 4917
4918 4917 4902
4932 4917 4931
4932 4931 4917
4945 4931 4944
4944 4931 4930
4944 4930 4943
4944 4943 4930
4956 4943 4955
4955 4943 4942
4955 4942 4954
4955 4954 4942
4955 4966 4954
4967 4966 4955
4967 4977 4966
4978 4977 4967
4978 4987 4977
3474 4987 4978
3474 3475 4987
6631 3475 3474
6631 6640 3475
6631 6632 6622
6622 6632 6631
6623 6632 6622
6623 6633 6632
6623 6624 6613
6613 6624 6623
6614 6624 6613
6614 6625 6624
6614 6615 6603
6603 6615 6614
6604 6615 6603
6604 6616 6615
6604 6605 6592
6592 6605 6604
6592 6593 6579
6579 6593 6592
6579 6580 6565
6565 6580 6579
6565 6566 6550
6550 6566 6565
6551 6566 6550
6551 6567 6566
6551 6552 6535
6535 6552 6551
6536 6552 6535
6536 6553 6552
6536 6537 6519
6519 6537 6536
6520 6537 6519
6520 6538 6537
6520 6521 6502
6502 6521 6520
6503 6521 6502
6503 6522 6521
6503 6504 6484
6484 6504 6503
6485 6504 6484
6485 5116 6504
6485 5115 6465
6465 5115 6485
5114 5115 6465
5114 30356 30390
5114 30390 30356
5113 30390 30423
5113 30423 30390
5113 5112 6422
6422 5112 6399
6422 6399 6398
6398 6399 6374
6374 6399 6398
6374 6375 6349
6374 6349 6348
6348 6349 6322
6322 6349 6348
6322 6323 6295
6322 6295 6294
6294 6295 6266
6266 6295 6294
6266 6267 6237
6266 6237 6236
6236 6237 6206
6206 6237 6236
6206 6207 6175
6175 6207 6206
6175 6176 6143
6175 6143 6142
6142 6143 6109
6142 6109 6108
6142 6108 6141
6141 6108 6107
6107 6108 6073
6107 6073 6072
6072 6073 6037
6037 6073 6072
6037 6038 6001
6037 6001 6000
6037 6000 6036
6036 6000 5999
6036 5999 6035
6035 5999 5998
6035 5998 6034
6035 6034 5998
6070 6034 6069
6070 6069 6034
6104 6069 6103
6104 6103 6069
6137 6103 6136
6136 6103 6102
6136 6102 6135
6135 6102 6101
6135 6101 6134
6134 6101 6100
6134 6100 6133
6134 6133 6100
6166 6133 6165
6165 6133 6132
6165 6132 6164
6165 6164 6132
6196 6164 6195
6196 6195 6164
6226 6195 6225
6225 6195 6194
6225 6194 6224
6225 6224 6194
6254 6224 6253
6253 6224 6223
6253 6223 6252
6253 6252 6223
6281 6252 6280
6280 6252 6251
6280 6251 6279
6280 6279 6251
6307 6279 6306
6307 6306 6279
6333 6306 6332
6333 6332 6306
6358 6332 6357
6357 6332 6331
6357 6331 6356
6356 6331 6330
6356 6330 6355
6356 6355 6330
6380 6355 6379
6380 6379 6355
6380 6403 6379
6404 6403 6380
6426 6403 6425
6426 6425 6403
6426 6447 6425
6448 6447 6426
6468 6447 6467
6468 6467 6447
6468 6487 6467
6488 6487 6468
6506 6487 6505
6506 6505 6487
6523 6505 3466
6523 3466 6505
</Vertices>
                <Weights>0.67 0.33 0
0.67 0.33 0
0.67 0.33 0
0.67 0.33 0
0.67 0.33 0
0.67 0.33 0
0.67 0.33 0
0.67 0.33 0
0.67 0.33 0
0.67 0.33 0
0.67 0.33 0
0.67 0.33 0
0.67 0.33 0
0.67 0.33 0
0.67 0.33 0
0.67 0.33 0
0.67 0.33 0
0.67 0.33 0
0.67 0.33 0
0.67 0.33 0
0.67 0.33 0
0.67 0.33 0
0.67 0.33 0
0.67 0.33 0
0.67 0.33 0
0.67 0.33 0
0.67 0.33 0
0.67 0.33 0
0.67 0.33 0
0.67 0.33 0
0.67 0.33 0
0.67 0.33 0
0.67 0.33 0
0.67 0.33 0
0.67 0.33 0
0.67 0.33 0
0.67 0.33 0
0.67 0.33 0
0.67 0.33 0
0.67 0.33 0
0.67 0.33 0
0.67 0.33 0
0.67 0.33 0
0.67 0.33 0
0.67 0.33 0
0.67 0.33 0
0.67 0.33 0
0.67 0.33 0
0.67 0.33 0
0.67 0.33 0
0.67 0.33 0
0.67 0.33 0
0.67 0.33 0
0.67 0.33 0
0.67 0.33 0
0.67 0.33 0
0.67 0.33 0
0.67 0.33 0
0.67 0.33 0
0.67 0.33 0
0.67 0.33 0
0.67 0.33 0
0.67 0.33 0
0.67 0.33 0
0.67 0.33 0
0.67 0.33 0
0.67 0.33 0
0.67 0.33 0
0.67 0.33 0
0.67 0.33 0
0.67 0.33 0
0.67 0.33 0
0.67 0.33 0
0.67 0.33 0
0.67 0.33 0
0.67 0.33 0
0.67 0.33 0
0.67 0.33 0
0.67 0.33 0
0.67 0.33 0
0.67 0.33 0
0.67 0.33 0
0.67 0.33 0
0.67 0.33 0
0.67 0.33 0
0.67 0.33 0
0.67 0.33 0
0.67 0.33 0
0.67 0.33 0
0.67 0.33 0
0.67 0.33 0
0.67 0.33 0
0.67 0.33 0
0.67 0.33 0
0.67 0.33 0
0.67 0.33 0
0.67 0.33 0
0.67 0.33 0
0.67 0.33 0
0.67 0.33 0
0.67 0.33 0
0.67 0.33 0
0.67 0.33 0
0.67 0.33 0
0.67 0.33 0
0.67 0.33 0
0.67 0.33 0
0.67 0.33 0
0.67 0.33 0
0.67 0.33 0
0.67 0.33 0
0.67 0.33 0
0.67 0.33 0
0.67 0.33 0
0.67 0.33 0
0.67 0.33 0
0.67 0.33 0
0.67 0.33 0
0.67 0.33 0
0.67 0.33 0
0.67 0.33 0
0.67 0.33 0
0.67 0.33 0
0.67 0.33 0
0.67 0.33 0
0.67 0.33 0
0.67 0.33 0
0.67 0.33 0
0.67 0.33 0
0.67 0.33 0
0.67 0.33 0
0.67 0.33 0
0.67 0.33 0
0.67 0.33 0
0.67 0.33 0
0.67 0.33 0
0.67 0.33 0
0.67 0.33 0
0.67 0.33 0
0.67 0.33 0
0.67 0.33 0
0.67 0.33 0
0.67 0.33 0
0.67 0.33 0
0.67 0.33 0
0.67 0.33 0
0.67 0.33 0
0.67 0.33 0
0.67 0.33 0
0.67 0.33 0
0.67 0.33 0
0.67 0.33 0
0.67 0.33 0
0.67 0.33 0
0.67 0.33 0
0.67 0.33 0
0.67 0.33 0
0.67 0.33 0
0.67 0.33 0
0.67 0.33 0
0.67 0.33 0
0.67 0.33 0
0.67 0.33 0
0.67 0.33 0
</Weights>
            </BorderPart>
        </Border>
        <Border Name="L_A6m_L" Red="0.619608" Green="0.27451" Blue="0.207843">
            <BorderPart Closed="True">
                <Vertices>1747 1746 1858
1858 1746 1857
1858 1857 1746
1912 1857 1911
1912 1911 1857
1965 1911 1964
1965 1964 1911
1965 2017 1964
2018 2017 1965
2018 2069 2017
2018 2070 2069
2019 2070 2018
2071 2070 2019
2071 2121 2070
2071 2122 2121
2072 2122 2071
2072 2123 2122
2073 2123 2072
2073 2124 2123
2074 2124 2073
2125 2124 2074
2125 2174 2124
2125 2175 2174
2126 2175 2125
2126 2176 2175
2127 2176 2126
2127 2177 2176
2128 2177 2127
2128 2178 2177
2128 2129 2078
2078 2129 2128
2079 2129 2078
2079 2130 2129
2079 2080 2028
2028 2080 2079
2028 2029 1976
1976 2029 2028
1976 1977 1923
1923 1977 1976
1923 1924 1869
1869 1924 1923
1869 1870 1758
1758 1870 1869
1758 1759 1870
4871 1759 1758
4871 4888 1759
4872 4888 4871
4872 4889 4888
4873 4889 4872
4890 4889 4873
4890 4905 4889
4890 4906 4905
4891 4906 4890
4891 4907 4906
4892 4907 4891
4908 4907 4892
4908 4922 4907
4908 4923 4922
4909 4923 4908
4909 4924 4923
4910 4924 4909
4925 4924 4910
4925 4938 4924
4939 4938 4925
4939 4951 4938
4939 4952 4951
4940 4952 4939
4940 4953 4952
4941 4953 4940
4941 4954 4953
4942 4954 4941
4942 4955 4954
4943 4955 4942
4943 4956 4955
4943 4944 4930
4930 4944 4943
4931 4944 4930
4931 4945 4944
4931 4932 4917
4917 4932 4931
4917 4918 4902
4902 4918 4917
4902 4903 4886
4886 4903 4902
4887 4903 4886
4887 3467 4903
3466 3467 4887
3466 6523 6505
6505 6523 3466
6505 6506 6487
6487 6506 6505
6487 6488 6468
6487 6468 6467
6467 6468 6447
6447 6468 6467
6447 6448 6426
6447 6426 6425
6425 6426 6403
6403 6426 6425
6403 6404 6380
6403 6380 6379
6379 6380 6355
6379 6355 6354
6379 6354 6378
6378 6354 6353
6353 6354 6328
6353 6328 6327
6353 6327 6352
6352 6327 6326
6352 6326 6351
6351 6326 6325
6351 6325 3458
3458 6325 3457
3458 3457 4698
3458 4698 4723
3458 4723 4698
3459 4723 4747
4747 4723 4722
4722 4723 4697
4722 4697 4696
4722 4696 4721
4721 4696 4695
4721 4695 4720
4720 4695 4694
4720 4694 4719
4719 4694 4693
4719 4693 4718
4719 4718 4693
4743 4718 4742
4742 4718 4717
4717 4718 4692
4717 4692 4691
4717 4691 4716
4716 4691 4690
4690 4691 4664
4690 4664 4663
4690 4663 4689
4689 4663 4662
4689 4662 4688
4688 4662 4661
4661 4662 4634
4661 4634 4633
4661 4633 4660
4660 4633 4632
4660 4632 4659
4659 4632 4631
4659 4631 4658
4658 4631 4630
4658 4630 4657
4657 4630 4629
4629 4630 4601
4629 4601 4600
4629 4600 4628
4628 4600 4599
4599 4600 4570
4599 4570 4569
4599 4569 4598
4598 4569 4568
4568 4569 4538
4568 4538 4537
4568 4537 4567
4567 4537 4536
4567 4536 4566
4566 4536 4535
4535 4536 4504
4535 4504 4503
4535 4503 4534
4534 4503 4502
4534 4502 4533
4533 4502 4501
4533 4501 4532
4533 4532 4501
4563 4532 4562
4562 4532 4531
4562 4531 4561
4562 4561 4531
4591 4561 4590
4591 4590 4561
4619 4590 4618
4618 4590 4589
4618 4589 1747
1747 4589 1746
</Vertices>
                <Weights>0.67 0.33 0
0.67 0.33 0
0.67 0.33 0
0.67 0.33 0
0.67 0.33 0
0.67 0.33 0
0.67 0.33 0
0.67 0.33 0
0.67 0.33 0
0.67 0.33 0
0.67 0.33 0
0.67 0.33 0
0.67 0.33 0
0.67 0.33 0
0.67 0.33 0
0.67 0.33 0
0.67 0.33 0
0.67 0.33 0
0.67 0.33 0
0.67 0.33 0
0.67 0.33 0
0.67 0.33 0
0.67 0.33 0
0.67 0.33 0
0.67 0.33 0
0.67 0.33 0
0.67 0.33 0
0.67 0.33 0
0.67 0.33 0
0.67 0.33 0
0.67 0.33 0
0.67 0.33 0
0.67 0.33 0
0.67 0.33 0
0.67 0.33 0
0.67 0.33 0
0.67 0.33 0
0.67 0.33 0
0.67 0.33 0
0.67 0.33 0
0.67 0.33 0
0.67 0.33 0
0.67 0.33 0
0.67 0.33 0
0.67 0.33 0
0.67 0.33 0
0.67 0.33 0
0.67 0.33 0
0.67 0.33 0
0.67 0.33 0
0.67 0.33 0
0.67 0.33 0
0.67 0.33 0
0.67 0.33 0
0.67 0.33 0
0.67 0.33 0
0.67 0.33 0
0.67 0.33 0
0.67 0.33 0
0.67 0.33 0
0.67 0.33 0
0.67 0.33 0
0.67 0.33 0
0.67 0.33 0
0.67 0.33 0
0.67 0.33 0
0.67 0.33 0
0.67 0.33 0
0.67 0.33 0
0.67 0.33 0
0.67 0.33 0
0.67 0.33 0
0.67 0.33 0
0.67 0.33 0
0.67 0.33 0
0.67 0.33 0
0.67 0.33 0
0.67 0.33 0
0.67 0.33 0
0.67 0.33 0
0.67 0.33 0
0.67 0.33 0
0.67 0.33 0
0.67 0.33 0
0.67 0.33 0
0.67 0.33 0
0.67 0.33 0
0.67 0.33 0
0.67 0.33 0
0.67 0.33 0
0.67 0.33 0
0.67 0.33 0
0.67 0.33 0
0.67 0.33 0
0.67 0.33 0
0.67 0.33 0
0.67 0.33 0
0.67 0.33 0
0.67 0.33 0
0.67 0.33 0
0.67 0.33 0
0.67 0.33 0
0.67 0.33 0
0.67 0.33 0
0.67 0.33 0
0.67 0.33 0
0.67 0.33 0
0.67 0.33 0
0.67 0.33 0
0.67 0.33 0
0.67 0.33 0
0.67 0.33 0
0.67 0.33 0
0.67 0.33 0
0.67 0.33 0
0.67 0.33 0
0.67 0.33 0
0.67 0.33 0
0.67 0.33 0
0.67 0.33 0
0.67 0.33 0
0.67 0.33 0
0.67 0.33 0
0.67 0.33 0
0.67 0.33 0
0.67 0.33 0
0.67 0.33 0
0.67 0.33 0
0.67 0.33 0
0.67 0.33 0
0.67 0.33 0
0.67 0.33 0
0.67 0.33 0
0.67 0.33 0
0.67 0.33 0
0.67 0.33 0
0.67 0.33 0
0.67 0.33 0
0.67 0.33 0
0.67 0.33 0
0.67 0.33 0
0.67 0.33 0
0.67 0.33 0
0.67 0.33 0
0.67 0.33 0
0.67 0.33 0
0.67 0.33 0
0.67 0.33 0
0.67 0.33 0
0.67 0.33 0
0.67 0.33 0
0.67 0.33 0
0.67 0.33 0
0.67 0.33 0
0.67 0.33 0
0.67 0.33 0
0.67 0.33 0
0.67 0.33 0
0.67 0.33 0
0.67 0.33 0
0.67 0.33 0
0.67 0.33 0
0.67 0.33 0
0.67 0.33 0
0.67 0.33 0
0.67 0.33 0
0.67 0.33 0
0.67 0.33 0
0.67 0.33 0
0.67 0.33 0
0.67 0.33 0
0.67 0.33 0
0.67 0.33 0
0.67 0.33 0
0.67 0.33 0
0.67 0.33 0
0.67 0.33 0
0.67 0.33 0
0.67 0.33 0
0.67 0.33 0
0.67 0.33 0
0.67 0.33 0
</Weights>
            </BorderPart>
        </Border>
        <Border Name="L_A9m_L" Red="1" Green="0.929412" Blue="1">
            <BorderPart Closed="True">
                <Vertices>1782 1781 2146
1782 2146 2195
1782 2195 2146
1783 2195 2243
2243 2195 2194
2243 2194 2242
2243 2242 2194
2290 2242 2289
2289 2242 2241
2289 2241 2288
2289 2288 2241
2335 2288 2334
2334 2288 2287
2334 2287 2333
2333 2287 2286
2333 2286 2332
2332 2286 2285
2332 2285 2331
2332 2331 2285
2377 2331 2376
2376 2331 2330
2376 2330 2375
2376 2375 2330
2420 2375 2419
2419 2375 2374
2419 2374 2418
2418 2374 2373
2418 2373 2417
2417 2373 2372
2417 2372 2416
2417 2416 2372
2460 2416 2459
2459 2416 2415
2459 2415 2458
2459 2458 2415
2501 2458 2500
2500 2458 2457
2500 2457 2499
2500 2499 2457
2541 2499 2540
2541 2540 2499
2581 2540 2580
2580 2540 2539
2580 2539 2579
2580 2579 2539
2619 2579 2618
2619 2618 2579
2657 2618 2656
2657 2656 2618
2694 2656 2693
2694 2693 2656
2730 2693 2729
2730 2729 2693
2730 2765 2729
2730 2766 2765
2731 2766 2730
2731 2767 2766
2732 2767 2731
2768 2767 2732
2768 2802 2767
2803 2802 2768
2803 2836 2802
2803 2837 2836
2804 2837 2803
2804 2838 2837
2805 2838 2804
2805 2839 2838
2806 2839 2805
2806 2840 2839
2807 2840 2806
2841 2840 2807
2841 2873 2840
2841 2874 2873
2842 2874 2841
2875 2874 2842
2875 2906 2874
1800 2906 2875
1800 1801 2906
1800 29111 29135
29135 29111 29110
29110 29111 29085
29110 29085 29084
29110 29084 29109
29110 29109 29084
29134 29109 29133
29133 29109 29108
29133 29108 29132
29132 29108 29107
29132 29107 29131
29131 29107 29106
29106 29107 29081
29106 29081 29080
29106 29080 29105
29105 29080 29079
29079 29080 29053
29079 29053 29052
29079 29052 29078
29078 29052 29051
29078 29051 29077
29077 29051 29050
29050 29051 29023
29050 29023 29022
29050 29022 29049
29049 29022 29021
29021 29022 28993
29021 28993 28992
29021 28992 29020
29020 28992 28991
28991 28992 28962
28991 28962 28961
28991 28961 28990
28990 28961 28960
28990 28960 28989
28990 28989 28960
29018 28989 29017
29018 29017 28989
29045 29017 29044
29045 29044 29017
29045 29071 29044
29072 29071 29045
29097 29071 29096
29097 29096 29071
29097 29121 29096
29122 29121 29097
29145 29121 29144
29145 29144 29121
29145 29167 29144
29168 29167 29145
29168 29189 29167
29190 29189 29168
29190 29210 29189
29211 29210 29190
29230 29210 29229
29230 29229 29210
29230 29248 29229
29249 29248 29230
29266 29248 29265
29266 29265 29248
29266 29282 29265
29283 29282 29266
29298 29282 29297
29298 29297 29282
29298 29312 29297
29313 29312 29298
29326 29312 29325
29326 29325 29312
29326 29338 29325
29339 29338 29326
29339 29350 29338
29351 29350 29339
29351 29361 29350
29362 29361 29351
29362 29371 29361
29372 29371 29362
29372 29380 29371
29381 29380 29372
29381 29388 29380
29389 29388 29381
29389 29395 29388
29389 29396 29395
29390 29396 29389
1782 29396 29390
</Vertices>
                <Weights>0.67 0.33 0
0.67 0.33 0
0.67 0.33 0
0.67 0.33 0
0.67 0.33 0
0.67 0.33 0
0.67 0.33 0
0.67 0.33 0
0.67 0.33 0
0.67 0.33 0
0.67 0.33 0
0.67 0.33 0
0.67 0.33 0
0.67 0.33 0
0.67 0.33 0
0.67 0.33 0
0.67 0.33 0
0.67 0.33 0
0.67 0.33 0
0.67 0.33 0
0.67 0.33 0
0.67 0.33 0
0.67 0.33 0
0.67 0.33 0
0.67 0.33 0
0.67 0.33 0
0.67 0.33 0
0.67 0.33 0
0.67 0.33 0
0.67 0.33 0
0.67 0.33 0
0.67 0.33 0
0.67 0.33 0
0.67 0.33 0
0.67 0.33 0
0.67 0.33 0
0.67 0.33 0
0.67 0.33 0
0.67 0.33 0
0.67 0.33 0
0.67 0.33 0
0.67 0.33 0
0.67 0.33 0
0.67 0.33 0
0.67 0.33 0
0.67 0.33 0
0.67 0.33 0
0.67 0.33 0
0.67 0.33 0
0.67 0.33 0
0.67 0.33 0
0.67 0.33 0
0.67 0.33 0
0.67 0.33 0
0.67 0.33 0
0.67 0.33 0
0.67 0.33 0
0.67 0.33 0
0.67 0.33 0
0.67 0.33 0
0.67 0.33 0
0.67 0.33 0
0.67 0.33 0
0.67 0.33 0
0.67 0.33 0
0.67 0.33 0
0.67 0.33 0
0.67 0.33 0
0.67 0.33 0
0.67 0.33 0
0.67 0.33 0
0.67 0.33 0
0.67 0.33 0
0.67 0.33 0
0.67 0.33 0
0.67 0.33 0
0.67 0.33 0
0.67 0.33 0
0.67 0.33 0
0.67 0.33 0
0.67 0.33 0
0.67 0.33 0
0.67 0.33 0
0.67 0.33 0
0.67 0.33 0
0.67 0.33 0
0.67 0.33 0
0.67 0.33 0
0.67 0.33 0
0.67 0.33 0
0.67 0.33 0
0.67 0.33 0
0.67 0.33 0
0.67 0.33 0
0.67 0.33 0
0.67 0.33 0
0.67 0.33 0
0.67 0.33 0
0.67 0.33 0
0.67 0.33 0
0.67 0.33 0
0.67 0.33 0
0.67 0.33 0
0.67 0.33 0
0.67 0.33 0
0.67 0.33 0
0.67 0.33 0
0.67 0.33 0
0.67 0.33 0
0.67 0.33 0
0.67 0.33 0
0.67 0.33 0
0.67 0.33 0
0.67 0.33 0
0.67 0.33 0
0.67 0.33 0
0.67 0.33 0
0.67 0.33 0
0.67 0.33 0
0.67 0.33 0
0.67 0.33 0
0.67 0.33 0
0.67 0.33 0
0.67 0.33 0
0.67 0.33 0
0.67 0.33 0
0.67 0.33 0
0.67 0.33 0
0.67 0.33 0
0.67 0.33 0
0.67 0.33 0
0.67 0.33 0
0.67 0.33 0
0.67 0.33 0
0.67 0.33 0
0.67 0.33 0
0.67 0.33 0
0.67 0.33 0
0.67 0.33 0
0.67 0.33 0
0.67 0.33 0
0.67 0.33 0
0.67 0.33 0
0.67 0.33 0
0.67 0.33 0
0.67 0.33 0
0.67 0.33 0
0.67 0.33 0
0.67 0.33 0
0.67 0.33 0
0.67 0.33 0
0.67 0.33 0
0.67 0.33 0
0.67 0.33 0
0.67 0.33 0
0.67 0.33 0
0.67 0.33 0
0.67 0.33 0
0.67 0.33 0
0.67 0.33 0
0.67 0.33 0
0.67 0.33 0
</Weights>
            </BorderPart>
        </Border>
        <Border Name="L_A10m_L" Red="0.898039" Green="0" Blue="1">
            <BorderPart Closed="True">
                <Vertices>28107 28055 28106
28107 28106 28055
28157 28106 28156
28157 28156 28106
28206 28156 28205
28205 28156 28155
28205 28155 28204
28205 28204 28155
28253 28204 28252
28253 28252 28204
28300 28252 28299
28299 28252 28251
28299 28251 28298
28299 28298 28251
28345 28298 28344
28345 28344 28298
28390 28344 28389
28390 28389 28344
28434 28389 28433
28434 28433 28389
28434 28477 28433
28478 28477 28434
28478 28520 28477
28521 28520 28478
28521 28562 28520
28563 28562 28521
28563 28603 28562
28563 28604 28603
28564 28604 28563
28605 28604 28564
28605 28644 28604
28605 28645 28644
28606 28645 28605
28646 28645 28606
28646 28684 28645
28646 28685 28684
28647 28685 28646
28686 28685 28647
28723 28685 28722
28723 28722 28685
28723 28759 28722
28760 28759 28723
28760 28795 28759
28796 28795 28760
28796 28830 28795
28831 28830 28796
28831 28864 28830
28865 28864 28831
28865 28897 28864
28898 28897 28865
28898 28929 28897
28930 28929 28898
28930 28960 28929
28961 28960 28930
28961 28990 28960
28961 28991 28990
28962 28991 28961
28992 28991 28962
28992 29020 28991
28992 29021 29020
28993 29021 28992
29022 29021 28993
29022 29049 29021
29022 29050 29049
29023 29050 29022
29051 29050 29023
29051 29077 29050
29051 29078 29077
29052 29078 29051
29052 29079 29078
29053 29079 29052
29080 29079 29053
29080 29105 29079
29080 29106 29105
29081 29106 29080
29107 29106 29081
29107 29131 29106
29107 29132 29131
29108 29132 29107
29108 29133 29132
29109 29133 29108
29109 29134 29133
29109 29110 29084
29084 29110 29109
29084 29085 29058
29058 29085 29084
29058 29059 29031
29058 29031 29030
29030 29031 29002
29002 29031 29030
29002 29003 28973
28973 29003 29002
28973 28974 28943
28973 28943 28942
28942 28943 28911
28911 28943 28942
28911 28912 28879
28911 28879 28878
28878 28879 28845
28878 28845 28844
28844 28845 28810
28810 28845 28844
28810 28811 28775
28775 28811 28810
28775 28776 28739
28739 28776 28775
28739 28740 28702
28739 28702 28701
28701 28702 28663
28663 28702 28701
28663 28664 28624
28663 28624 28623
28623 28624 28583
28623 28583 28582
28582 28583 28541
28582 28541 28540
28540 28541 28498
28498 28541 28540
28498 28499 28455
28498 28455 28454
28454 28455 28410
28454 28410 28409
28409 28410 28364
28364 28410 28409
28364 28365 28318
28364 28318 28317
28364 28317 28363
28363 28317 28316
28363 28316 28362
28362 28316 28315
28315 28316 28268
28315 28268 28267
28315 28267 28314
28314 28267 28266
28266 28267 28218
28266 28218 28217
28266 28217 28265
28266 28265 28217
28313 28265 28312
28312 28265 28264
28264 28265 28216
28264 28216 28215
28264 28215 28263
28263 28215 28214
28263 28214 28262
28262 28214 28213
28262 28213 28261
28261 28213 28212
28212 28213 28163
28212 28163 28162
28162 28163 28112
28162 28112 28111
28162 28111 28161
28161 28111 28110
28161 28110 28160
28160 28110 28109
28160 28109 28159
28159 28109 28108
28159 28108 28158
28158 28108 28107
28107 28108 28056
28107 28056 28055
</Vertices>
                <Weights>0.67 0.33 0
0.67 0.33 0
0.67 0.33 0
0.67 0.33 0
0.67 0.33 0
0.67 0.33 0
0.67 0.33 0
0.67 0.33 0
0.67 0.33 0
0.67 0.33 0
0.67 0.33 0
0.67 0.33 0
0.67 0.33 0
0.67 0.33 0
0.67 0.33 0
0.67 0.33 0
0.67 0.33 0
0.67 0.33 0
0.67 0.33 0
0.67 0.33 0
0.67 0.33 0
0.67 0.33 0
0.67 0.33 0
0.67 0.33 0
0.67 0.33 0
0.67 0.33 0
0.67 0.33 0
0.67 0.33 0
0.67 0.33 0
0.67 0.33 0
0.67 0.33 0
0.67 0.33 0
0.67 0.33 0
0.67 0.33 0
0.67 0.33 0
0.67 0.33 0
0.67 0.33 0
0.67 0.33 0
0.67 0.33 0
0.67 0.33 0
0.67 0.33 0
0.67 0.33 0
0.67 0.33 0
0.67 0.33 0
0.67 0.33 0
0.67 0.33 0
0.67 0.33 0
0.67 0.33 0
0.67 0.33 0
0.67 0.33 0
0.67 0.33 0
0.67 0.33 0
0.67 0.33 0
0.67 0.33 0
0.67 0.33 0
0.67 0.33 0
0.67 0.33 0
0.67 0.33 0
0.67 0.33 0
0.67 0.33 0
0.67 0.33 0
0.67 0.33 0
0.67 0.33 0
0.67 0.33 0
0.67 0.33 0
0.67 0.33 0
0.67 0.33 0
0.67 0.33 0
0.67 0.33 0
0.67 0.33 0
0.67 0.33 0
0.67 0.33 0
0.67 0.33 0
0.67 0.33 0
0.67 0.33 0
0.67 0.33 0
0.67 0.33 0
0.67 0.33 0
0.67 0.33 0
0.67 0.33 0
0.67 0.33 0
0.67 0.33 0
0.67 0.33 0
0.67 0.33 0
0.67 0.33 0
0.67 0.33 0
0.67 0.33 0
0.67 0.33 0
0.67 0.33 0
0.67 0.33 0
0.67 0.33 0
0.67 0.33 0
0.67 0.33 0
0.67 0.33 0
0.67 0.33 0
0.67 0.33 0
0.67 0.33 0
0.67 0.33 0
0.67 0.33 0
0.67 0.33 0
0.67 0.33 0
0.67 0.33 0
0.67 0.33 0
0.67 0.33 0
0.67 0.33 0
0.67 0.33 0
0.67 0.33 0
0.67 0.33 0
0.67 0.33 0
0.67 0.33 0
0.67 0.33 0
0.67 0.33 0
0.67 0.33 0
0.67 0.33 0
0.67 0.33 0
0.67 0.33 0
0.67 0.33 0
0.67 0.33 0
0.67 0.33 0
0.67 0.33 0
0.67 0.33 0
0.67 0.33 0
0.67 0.33 0
0.67 0.33 0
0.67 0.33 0
0.67 0.33 0
0.67 0.33 0
0.67 0.33 0
0.67 0.33 0
0.67 0.33 0
0.67 0.33 0
0.67 0.33 0
0.67 0.33 0
0.67 0.33 0
0.67 0.33 0
0.67 0.33 0
0.67 0.33 0
0.67 0.33 0
0.67 0.33 0
0.67 0.33 0
0.67 0.33 0
0.67 0.33 0
0.67 0.33 0
0.67 0.33 0
0.67 0.33 0
0.67 0.33 0
0.67 0.33 0
0.67 0.33 0
0.67 0.33 0
0.67 0.33 0
0.67 0.33 0
0.67 0.33 0
0.67 0.33 0
0.67 0.33 0
0.67 0.33 0
0.67 0.33 0
0.67 0.33 0
0.67 0.33 0
0.67 0.33 0
0.67 0.33 0
0.67 0.33 0
0.67 0.33 0
</Weights>
            </BorderPart>
        </Border>
        <Border Name="L_A9/46d_L" Red="0.862745" Green="1" Blue="0">
            <BorderPart Closed="True">
                <Vertices>27840 27839 29112
27840 29112 29087
29087 29112 27840
29087 29088 29062
29087 29062 29061
29061 29062 29035
29035 29062 29061
29035 29036 29008
29035 29008 29007
29007 29008 28979
28979 29008 29007
28979 28980 28950
28950 28980 28979
28950 28951 28920
28920 28951 28950
28920 28921 28889
28920 28889 28888
28888 28889 28856
28888 28856 28855
28855 28856 28822
28855 28822 28821
28821 28822 28787
28821 28787 28786
28821 28786 28820
28820 28786 28785
28785 28786 28750
28785 28750 28749
28749 28750 28713
28749 28713 28712
28712 28713 28675
28712 28675 28674
28712 28674 28711
28711 28674 28673
28673 28674 28635
28673 28635 28634
28673 28634 28672
28672 28634 28633
28633 28634 28594
28633 28594 28593
28633 28593 28632
28632 28593 28592
28592 28593 28552
28592 28552 28551
28592 28551 27856
27856 28551 27857
27857 28551 28509
27857 28509 27858
27857 27858 28509
29425 27858 29424
29424 27858 27859
29424 27859 29423
29423 27859 27860
29423 27860 29422
29423 29422 27860
29477 29422 29476
29476 29422 29421
29476 29421 29475
29476 29475 29421
29529 29475 29528
29528 29475 29474
29528 29474 29527
29528 29527 29474
29580 29527 29579
29580 29579 29527
29631 29579 29630
29631 29630 29579
29631 29681 29630
29682 29681 29631
29682 29731 29681
29732 29731 29682
29732 29780 29731
29781 29780 29732
29781 29828 29780
29781 29829 29828
29782 29829 29781
29830 29829 29782
29830 29876 29829
29877 29876 29830
29877 29922 29876
29923 29922 29877
29923 29967 29922
29968 29967 29923
29968 30011 29967
29968 30012 30011
29969 30012 29968
30013 30012 29969
30013 30055 30012
30013 30056 30055
30014 30056 30013
30057 30056 30014
30057 30098 30056
30099 30098 30057
30099 30139 30098
30140 30139 30099
30140 30179 30139
30140 30180 30179
30140 30141 30100
30100 30141 30140
30101 30141 30100
30101 30142 30141
30102 30142 30101
30143 30142 30102
30143 30182 30142
30143 30183 30182
30144 30183 30143
30144 30184 30183
30144 30145 30104
30104 30145 30144
30105 30145 30104
30105 30146 30145
30106 30146 30105
30106 30147 30146
30106 30107 30065
30065 30107 30106
30066 30107 30065
30066 30108 30107
30066 30067 30024
30024 30067 30066
30025 30067 30024
30025 30068 30067
30025 30026 29982
29982 30026 30025
29983 30026 29982
29983 30027 30026
29983 29984 29939
29939 29984 29983
