<?xml version="1.0" encoding="UTF-8"?>
<BorderFile Version="3" Structure="CORTEX_RIGHT" SurfaceNumberOfVertices="32492">
    <MetaData>
        <MD>
            <Name>ParentProvenance</Name>
            <Value>fsaverage.R.white.32k_fs_LR.surf.gii:
/DATA/232/lqcheng/software/workbench/bin_rh_linux64/../exe_rh_linux64/wb_command -surface-resample /DATA/232/lqcheng/Human/HCP/05_subjects/average/MNILinear/Native/average.R.white.native.surf.gii /DATA/232/lqcheng/Human/HCP/05_subjects/average/MNILinear/Native/average.R.sphere.reg.reg_LR.native.surf.gii /DATA/232/lqcheng/Human/HCP/05_subjects/average/MNILinear/fsaverage_LR32k/average.R.sphere.32k_fs_LR.surf.gii BARYCENTRIC /DATA/232/lqcheng/Human/HCP/05_subjects/average/MNILinear/fsaverage_LR32k/average.R.white.32k_fs_LR.surf.gii

fsaverage.R.BN_Atlas.32k_fs_LR.label.gii:
/DATA/232/lqcheng/software/workbench/bin_rh_linux64/../exe_rh_linux64/wb_command -label-resample /DATA/232/lqcheng/Human/HCP/05_subjects/average/MNILinear/Native/average.R.BN_Atlas.native.label.gii /DATA/232/lqcheng/Human/HCP/05_subjects/average/MNILinear/Native/average.R.sphere.reg.reg_LR.native.surf.gii /DATA/232/lqcheng/Human/HCP/05_subjects/average/MNILinear/fsaverage_LR32k/average.R.sphere.32k_fs_LR.surf.gii BARYCENTRIC /DATA/232/lqcheng/Human/HCP/05_subjects/average/MNILinear/fsaverage_LR32k/average.R.BN_Atlas.32k_fs_LR.label.gii -largest

</Value>
        </MD>
        <MD>
            <Name>ProgramProvenance</Name>
            <Value>Connectome Workbench
Type: Command Line Application
Version: 1.2.3
Qt Compiled Version: 4.8.4
Qt Runtime Version: 4.8.4
Commit: c170db0277de04cb8a5c04fdf96e45adcda47d6d
Commit Date: 2016-08-23 19:08:10 -0500
Compiled with OpenMP: YES
Compiler: g++44 (/usr/bin)
Compiler Version: 4.4.7
Compiled Debug: NO
Operating System: Linux
</Value>
        </MD>
        <MD>
            <Name>Provenance</Name>
            <Value>/DATA/232/lqcheng/software/workbench/bin_rh_linux64/../exe_rh_linux64/wb_command -label-to-border fsaverage.R.white.32k_fs_LR.surf.gii fsaverage.R.BN_Atlas.32k_fs_LR.label.gii fsaverage.R.BN_Atlas.32k_fs_LR.border</Value>
        </MD>
        <MD>
            <Name>WorkingDirectory</Name>
            <Value>/DATA/232/lqcheng/Human/HCP/05_subjects/BN_Atlas_freesurfer6.0/fsaverage/fsaverage_LR32k</Value>
        </MD>
    </MetaData>
    <Class Name="average_R_BN_Atlas" Red="0" Green="0" Blue="0">
        <Border Name="R_A8m_R" Red="0" Green="0" Blue="1">
            <BorderPart Closed="True">
                <Vertices>1762 1761 1873
1873 1761 1872
1872 1761 1760
1872 1760 1871
1872 1871 1760
1872 1926 1871
1927 1926 1872
1980 1926 1979
1979 1926 1925
1979 1925 1978
1979 1978 1925
2031 1978 2030
2030 1978 1977
2030 1977 2029
2029 1977 1976
2029 1976 2028
2029 2028 1976
2080 2028 2079
2079 2028 2027
2079 2027 2078
2079 2078 2027
2079 2129 2078
2130 2129 2079
2179 2129 2178
2179 2178 2129
2227 2178 2226
2226 2178 2177
2226 2177 2225
2226 2225 2177
2273 2225 2272
2273 2272 2225
2273 2319 2272
2320 2319 2273
2365 2319 2364
2365 2364 2319
2365 2409 2364
2410 2409 2365
2410 2453 2409
2410 2454 2453
2411 2454 2410
2455 2454 2411
2455 2497 2454
2498 2497 2455
2498 2539 2497
2540 2539 2498
2540 2580 2539
2540 2581 2580
2541 2581 2540
2541 2582 2581
2542 2582 2541
2542 2583 2582
2543 2583 2542
2543 2584 2583
2543 2544 2502
2543 2502 2501
2501 2502 2459
2459 2502 2501
2459 2460 2416
2416 2460 2459
2417 2460 2416
2417 2461 2460
2418 2461 2417
2418 2462 2461
2419 2462 2418
2419 2463 2462
2420 2463 2419
2420 2464 2463
2420 2421 2376
2376 2421 2420
2377 2421 2376
2377 2422 2421
2378 2422 2377
2378 2423 2422
2379 2423 2378
2379 2424 2423
2379 2380 2334
2334 2380 2379
2335 2380 2334
2335 2381 2380
2335 2336 2289
2289 2336 2335
2290 2336 2289
2290 1785 2336
1784 1785 2290
1784 29375 29383
29383 29375 29374
29383 29374 29382
29382 29374 29373
29382 29373 29381
29381 29373 29372
29381 29372 29380
29380 29372 29371
29380 29371 29379
29380 29379 29371
29387 29379 29386
29386 29379 29378
29386 29378 29385
29386 29385 29378
29392 29385 29391
29392 29391 29385
29397 29391 27821
29397 27821 29391
27820 27821 29397
27820 29462 27821
29463 29462 27820
29463 29517 29462
29518 29517 29463
29518 29571 29517
29518 29572 29571
29519 29572 29518
29573 29572 29519
29573 29625 29572
5132 29625 29573
5132 5131 6669
5132 6669 6672
5132 6672 6669
5133 6672 6674
6674 6672 6671
6674 6671 6673
6674 6673 6671
6675 6673 3482
3482 6673 3481
3481 6673 6670
3481 6670 3480
3481 3480 5020
5020 3480 5017
5017 3480 5020
5017 3479 5013
5017 5013 5012
5012 5013 5007
5012 5007 5006
5006 5007 5000
5000 5007 5006
5000 5001 4993
5000 4993 4992
4992 4993 4984
4992 4984 4983
4983 4984 4974
4983 4974 4973
4973 4974 4963
4973 4963 4962
4973 4962 4972
4972 4962 4961
4972 4961 4971
4971 4961 4960
4960 4961 4949
4960 4949 4948
4948 4949 4936
4948 4936 4935
4935 4936 4922
4935 4922 4921
4935 4921 4934
4934 4921 4920
4934 4920 4933
4933 4920 4919
4933 4919 1762
1762 4919 1761
</Vertices>
                <Weights>0.67 0.33 0
0.67 0.33 0
0.67 0.33 0
0.67 0.33 0
0.67 0.33 0
0.67 0.33 0
0.67 0.33 0
0.67 0.33 0
0.67 0.33 0
0.67 0.33 0
0.67 0.33 0
0.67 0.33 0
0.67 0.33 0
0.67 0.33 0
0.67 0.33 0
0.67 0.33 0
0.67 0.33 0
0.67 0.33 0
0.67 0.33 0
0.67 0.33 0
0.67 0.33 0
0.67 0.33 0
0.67 0.33 0
0.67 0.33 0
0.67 0.33 0
0.67 0.33 0
0.67 0.33 0
0.67 0.33 0
0.67 0.33 0
0.67 0.33 0
0.67 0.33 0
0.67 0.33 0
0.67 0.33 0
0.67 0.33 0
0.67 0.33 0
0.67 0.33 0
0.67 0.33 0
0.67 0.33 0
0.67 0.33 0
0.67 0.33 0
0.67 0.33 0
0.67 0.33 0
0.67 0.33 0
0.67 0.33 0
0.67 0.33 0
0.67 0.33 0
0.67 0.33 0
0.67 0.33 0
0.67 0.33 0
0.67 0.33 0
0.67 0.33 0
0.67 0.33 0
0.67 0.33 0
0.67 0.33 0
0.67 0.33 0
0.67 0.33 0
0.67 0.33 0
0.67 0.33 0
0.67 0.33 0
0.67 0.33 0
0.67 0.33 0
0.67 0.33 0
0.67 0.33 0
0.67 0.33 0
0.67 0.33 0
0.67 0.33 0
0.67 0.33 0
0.67 0.33 0
0.67 0.33 0
0.67 0.33 0
0.67 0.33 0
0.67 0.33 0
0.67 0.33 0
0.67 0.33 0
0.67 0.33 0
0.67 0.33 0
0.67 0.33 0
0.67 0.33 0
0.67 0.33 0
0.67 0.33 0
0.67 0.33 0
0.67 0.33 0
0.67 0.33 0
0.67 0.33 0
0.67 0.33 0
0.67 0.33 0
0.67 0.33 0
0.67 0.33 0
0.67 0.33 0
0.67 0.33 0
0.67 0.33 0
0.67 0.33 0
0.67 0.33 0
0.67 0.33 0
0.67 0.33 0
0.67 0.33 0
0.67 0.33 0
0.67 0.33 0
0.67 0.33 0
0.67 0.33 0
0.67 0.33 0
0.67 0.33 0
0.67 0.33 0
0.67 0.33 0
0.67 0.33 0
0.67 0.33 0
0.67 0.33 0
0.67 0.33 0
0.67 0.33 0
0.67 0.33 0
0.67 0.33 0
0.67 0.33 0
0.67 0.33 0
0.67 0.33 0
0.67 0.33 0
0.67 0.33 0
0.67 0.33 0
0.67 0.33 0
0.67 0.33 0
0.67 0.33 0
0.67 0.33 0
0.67 0.33 0
0.67 0.33 0
0.67 0.33 0
0.67 0.33 0
0.67 0.33 0
0.67 0.33 0
0.67 0.33 0
0.67 0.33 0
0.67 0.33 0
0.67 0.33 0
0.67 0.33 0
0.67 0.33 0
0.67 0.33 0
0.67 0.33 0
0.67 0.33 0
0.67 0.33 0
0.67 0.33 0
0.67 0.33 0
0.67 0.33 0
0.67 0.33 0
0.67 0.33 0
0.67 0.33 0
0.67 0.33 0
0.67 0.33 0
0.67 0.33 0
0.67 0.33 0
0.67 0.33 0
0.67 0.33 0
0.67 0.33 0
0.67 0.33 0
0.67 0.33 0
0.67 0.33 0
0.67 0.33 0
0.67 0.33 0
0.67 0.33 0
0.67 0.33 0
</Weights>
            </BorderPart>
        </Border>
        <Border Name="R_A8dl_R" Red="0" Green="0.964706" Blue="1">
            <BorderPart Closed="True">
                <Vertices>5120 5119 6555
5120 6555 6570
5120 6570 6555
5121 6570 6584
6584 6570 6569
6584 6569 6583
6584 6583 6569
6597 6583 6596
6597 6596 6583
6609 6596 6608
6609 6608 6596
6620 6608 6619
6620 6619 6608
6620 6630 6619
5125 6630 6620
5125 5126 6630
29916 5126 29870
29870 5126 29916
29870 5127 29823
29823 5127 29870
29823 5128 29775
29775 5128 29823
29775 5129 29726
29726 5129 29775
29726 5130 29676
29676 5130 29726
5131 5130 6665
5131 6665 6669
5131 6669 6665
5131 5132 6669
29625 5132 29573
29625 29573 29572
29572 29573 29519
29572 29519 29518
29572 29518 29571
29571 29518 29517
29517 29518 29463
29517 29463 29462
29462 29463 27820
29462 27820 27821
27821 27820 29397
27821 29397 29391
27821 29391 27822
27822 29391 29384
27822 29384 27823
27822 27823 29384
29460 27823 29459
29459 27823 27824
29459 27824 29458
29459 29458 27824
29513 29458 29512
29513 29512 29458
29566 29512 29565
29565 29512 29511
29565 29511 29564
29564 29511 29510
29564 29510 29563
29563 29510 29509
29563 29509 29562
29562 29509 29508
29562 29508 29561
29561 29508 29507
29561 29507 29560
29560 29507 29506
29560 29506 29559
29560 29559 29506
29612 29559 29611
29611 29559 29558
29611 29558 29610
29610 29558 29557
29610 29557 29609
29610 29609 29557
29661 29609 29660
29660 29609 29608
29660 29608 29659
29660 29659 29608
29710 29659 29709
29710 29709 29659
29759 29709 29758
29759 29758 29709
29807 29758 29806
29807 29806 29758
29854 29806 29853
29854 29853 29806
29900 29853 29899
29900 29899 29853
29900 29945 29899
29946 29945 29900
29946 29990 29945
29991 29990 29946
30034 29990 30033
30034 30033 29990
30034 30076 30033
30077 30076 30034
30077 30118 30076
30119 30118 30077
30119 30159 30118
30119 30160 30159
30120 30160 30119
30161 30160 30120
30161 30200 30160
30161 30201 30200
30162 30201 30161
30202 30201 30162
30240 30201 30239
30240 30239 30201
30240 30277 30239
30240 30278 30277
30241 30278 30240
30241 30279 30278
30242 30279 30241
30242 30280 30279
30243 30280 30242
30281 30280 30243
30281 30317 30280
30318 30317 30281
30318 30353 30317
30354 30353 30318
30354 30388 30353
30354 30389 30388
30355 30389 30354
30355 30390 30389
30355 30356 30320
30320 30356 30355
30320 30321 30284
30284 30321 30320
30284 30285 30247
30247 30285 30284
30247 30248 30209
30209 30248 30247
30209 30210 30170
30170 30210 30209
30171 30210 30170
30171 5119 30210
</Vertices>
                <Weights>0.67 0.33 0
0.67 0.33 0
0.67 0.33 0
0.67 0.33 0
0.67 0.33 0
0.67 0.33 0
0.67 0.33 0
0.67 0.33 0
0.67 0.33 0
0.67 0.33 0
0.67 0.33 0
0.67 0.33 0
0.67 0.33 0
0.67 0.33 0
0.67 0.33 0
0.67 0.33 0
0.67 0.33 0
0.67 0.33 0
0.67 0.33 0
0.67 0.33 0
0.67 0.33 0
0.67 0.33 0
0.67 0.33 0
0.67 0.33 0
0.67 0.33 0
0.67 0.33 0
0.67 0.33 0
0.67 0.33 0
0.67 0.33 0
0.67 0.33 0
0.67 0.33 0
0.67 0.33 0
0.67 0.33 0
0.67 0.33 0
0.67 0.33 0
0.67 0.33 0
0.67 0.33 0
0.67 0.33 0
0.67 0.33 0
0.67 0.33 0
0.67 0.33 0
0.67 0.33 0
0.67 0.33 0
0.67 0.33 0
0.67 0.33 0
0.67 0.33 0
0.67 0.33 0
0.67 0.33 0
0.67 0.33 0
0.67 0.33 0
0.67 0.33 0
0.67 0.33 0
0.67 0.33 0
0.67 0.33 0
0.67 0.33 0
0.67 0.33 0
0.67 0.33 0
0.67 0.33 0
0.67 0.33 0
0.67 0.33 0
0.67 0.33 0
0.67 0.33 0
0.67 0.33 0
0.67 0.33 0
0.67 0.33 0
0.67 0.33 0
0.67 0.33 0
0.67 0.33 0
0.67 0.33 0
0.67 0.33 0
0.67 0.33 0
0.67 0.33 0
0.67 0.33 0
0.67 0.33 0
0.67 0.33 0
0.67 0.33 0
0.67 0.33 0
0.67 0.33 0
0.67 0.33 0
0.67 0.33 0
0.67 0.33 0
0.67 0.33 0
0.67 0.33 0
0.67 0.33 0
0.67 0.33 0
0.67 0.33 0
0.67 0.33 0
0.67 0.33 0
0.67 0.33 0
0.67 0.33 0
0.67 0.33 0
0.67 0.33 0
0.67 0.33 0
0.67 0.33 0
0.67 0.33 0
0.67 0.33 0
0.67 0.33 0
0.67 0.33 0
0.67 0.33 0
0.67 0.33 0
0.67 0.33 0
0.67 0.33 0
0.67 0.33 0
0.67 0.33 0
0.67 0.33 0
0.67 0.33 0
0.67 0.33 0
0.67 0.33 0
0.67 0.33 0
0.67 0.33 0
0.67 0.33 0
0.67 0.33 0
0.67 0.33 0
0.67 0.33 0
0.67 0.33 0
0.67 0.33 0
0.67 0.33 0
0.67 0.33 0
0.67 0.33 0
0.67 0.33 0
0.67 0.33 0
0.67 0.33 0
0.67 0.33 0
0.67 0.33 0
0.67 0.33 0
0.67 0.33 0
0.67 0.33 0
0.67 0.33 0
0.67 0.33 0
0.67 0.33 0
0.67 0.33 0
0.67 0.33 0
0.67 0.33 0
0.67 0.33 0
</Weights>
            </BorderPart>
        </Border>
        <Border Name="R_A9l_R" Red="1" Green="0.862745" Blue="0.482353">
            <BorderPart Closed="True">
                <Vertices>27823 27822 29384
29384 27822 27823
29391 27822 29384
29391 27821 27822
29391 29397 27821
29391 29392 29385
29385 29392 29391
29385 29386 29378
29378 29386 29385
29379 29386 29378
29379 29387 29386
29379 29380 29371
29371 29380 29379
29371 29372 29362
29371 29362 29361
29361 29362 29351
29351 29362 29361
29351 29352 29340
29351 29340 29339
29339 29340 29327
29339 29327 29326
29326 29327 29313
29313 29327 29326
29313 29314 29299
29313 29299 29298
29298 29299 29283
29283 29299 29298
29283 29284 29267
29283 29267 29266
29266 29267 29249
29266 29249 29248
29248 29249 29230
29248 29230 29229
29229 29230 29210
29210 29230 29229
29210 29211 29190
29210 29190 29189
29189 29190 29168
29168 29190 29189
29168 29169 29146
29168 29146 29145
29145 29146 29122
29145 29122 29121
29121 29122 29097
29097 29122 29121
29097 29098 29072
29072 29098 29097
29072 29073 29046
29072 29046 29045
29072 29045 29071
29071 29045 29044
29044 29045 29017
29017 29045 29044
29017 29018 28989
29017 28989 28988
28988 28989 28959
28988 28959 28958
28958 28959 28928
28958 28928 28927
28927 28928 28896
28896 28928 28927
28896 28897 28864
28896 28864 28863
28863 28864 28830
28830 28864 28863
28830 28831 28796
28830 28796 28795
28795 28796 28760
28795 28760 28759
28759 28760 28723
28759 28723 28722
28759 28722 28758
28758 28722 28721
28721 28722 28684
28721 28684 28683
28683 28684 28645
28683 28645 28644
28683 28644 28682
28682 28644 28643
28682 28643 28681
28681 28643 28642
28681 28642 28680
28681 28680 28642
28718 28680 28717
28718 28717 28680
28754 28717 28753
28754 28753 28717
28754 28789 28753
28790 28789 28754
28824 28789 28823
28824 28823 28789
28857 28823 28856
28857 28856 28823
28857 28889 28856
28890 28889 28857
28921 28889 28920
28920 28889 28888
28920 28888 28919
28920 28919 28888
28920 28950 28919
28951 28950 28920
28980 28950 28979
28980 28979 28950
28980 29008 28979
29009 29008 28980
29009 29036 29008
29037 29036 29009
29063 29036 29062
29063 29062 29036
29088 29062 29087
29088 29087 29062
29112 29087 27840
27840 29087 27841
27840 27841 29087
27840 29442 27841
29443 29442 27840
29443 29497 29442
29443 29498 29497
29444 29498 29443
29499 29498 29444
29499 29552 29498
29553 29552 29499
29553 29605 29552
29553 29606 29605
29554 29606 29553
29607 29606 29554
29607 29658 29606
29607 29659 29658
29608 29659 29607
29608 29660 29659
29609 29660 29608
29609 29661 29660
29609 29610 29557
29557 29610 29609
29558 29610 29557
29558 29611 29610
29559 29611 29558
29559 29612 29611
29559 29560 29506
29506 29560 29559
29507 29560 29506
29507 29561 29560
29508 29561 29507
29508 29562 29561
29509 29562 29508
29509 29563 29562
29510 29563 29509
29510 29564 29563
29511 29564 29510
29511 29565 29564
29512 29565 29511
29512 29566 29565
29512 29513 29458
29458 29513 29512
29458 29459 27824
27824 29459 29458
27823 29459 27824
27823 29460 29459
</Vertices>
                <Weights>0.67 0.33 0
0.67 0.33 0
0.67 0.33 0
0.67 0.33 0
0.67 0.33 0
0.67 0.33 0
0.67 0.33 0
0.67 0.33 0
0.67 0.33 0
0.67 0.33 0
0.67 0.33 0
0.67 0.33 0
0.67 0.33 0
0.67 0.33 0
0.67 0.33 0
0.67 0.33 0
0.67 0.33 0
0.67 0.33 0
0.67 0.33 0
0.67 0.33 0
0.67 0.33 0
0.67 0.33 0
0.67 0.33 0
0.67 0.33 0
0.67 0.33 0
0.67 0.33 0
0.67 0.33 0
0.67 0.33 0
0.67 0.33 0
0.67 0.33 0
0.67 0.33 0
0.67 0.33 0
0.67 0.33 0
0.67 0.33 0
0.67 0.33 0
0.67 0.33 0
0.67 0.33 0
0.67 0.33 0
0.67 0.33 0
0.67 0.33 0
0.67 0.33 0
0.67 0.33 0
0.67 0.33 0
0.67 0.33 0
0.67 0.33 0
0.67 0.33 0
0.67 0.33 0
0.67 0.33 0
0.67 0.33 0
0.67 0.33 0
0.67 0.33 0
0.67 0.33 0
0.67 0.33 0
0.67 0.33 0
0.67 0.33 0
0.67 0.33 0
0.67 0.33 0
0.67 0.33 0
0.67 0.33 0
0.67 0.33 0
0.67 0.33 0
0.67 0.33 0
0.67 0.33 0
0.67 0.33 0
0.67 0.33 0
0.67 0.33 0
0.67 0.33 0
0.67 0.33 0
0.67 0.33 0
0.67 0.33 0
0.67 0.33 0
0.67 0.33 0
0.67 0.33 0
0.67 0.33 0
0.67 0.33 0
0.67 0.33 0
0.67 0.33 0
0.67 0.33 0
0.67 0.33 0
0.67 0.33 0
0.67 0.33 0
0.67 0.33 0
0.67 0.33 0
0.67 0.33 0
0.67 0.33 0
0.67 0.33 0
0.67 0.33 0
0.67 0.33 0
0.67 0.33 0
0.67 0.33 0
0.67 0.33 0
0.67 0.33 0
0.67 0.33 0
0.67 0.33 0
0.67 0.33 0
0.67 0.33 0
0.67 0.33 0
0.67 0.33 0
0.67 0.33 0
0.67 0.33 0
0.67 0.33 0
0.67 0.33 0
0.67 0.33 0
0.67 0.33 0
0.67 0.33 0
0.67 0.33 0
0.67 0.33 0
0.67 0.33 0
0.67 0.33 0
0.67 0.33 0
0.67 0.33 0
0.67 0.33 0
0.67 0.33 0
0.67 0.33 0
0.67 0.33 0
0.67 0.33 0
0.67 0.33 0
0.67 0.33 0
0.67 0.33 0
0.67 0.33 0
0.67 0.33 0
0.67 0.33 0
0.67 0.33 0
0.67 0.33 0
0.67 0.33 0
0.67 0.33 0
0.67 0.33 0
0.67 0.33 0
0.67 0.33 0
0.67 0.33 0
0.67 0.33 0
0.67 0.33 0
0.67 0.33 0
0.67 0.33 0
0.67 0.33 0
0.67 0.33 0
0.67 0.33 0
0.67 0.33 0
0.67 0.33 0
0.67 0.33 0
0.67 0.33 0
0.67 0.33 0
0.67 0.33 0
0.67 0.33 0
0.67 0.33 0
0.67 0.33 0
0.67 0.33 0
0.67 0.33 0
0.67 0.33 0
0.67 0.33 0
0.67 0.33 0
0.67 0.33 0
0.67 0.33 0
0.67 0.33 0
0.67 0.33 0
0.67 0.33 0
0.67 0.33 0
0.67 0.33 0
</Weights>
            </BorderPart>
        </Border>
        <Border Name="R_A6dl_R" Red="0" Green="0.415686" Blue="0.0352941">
            <BorderPart Closed="True">
                <Vertices>3473 3472 4968
3473 4968 4978
4978 4968 4967
4978 4967 4977
4977 4967 4966
4977 4966 4976
4977 4976 4966
4986 4976 4985
4985 4976 4975
4985 4975 4984
4985 4984 4975
4993 4984 4992
4993 4992 4984
4993 5000 4992
5001 5000 4993
5007 5000 5006
5007 5006 5000
5007 5012 5006
5013 5012 5007
5013 5017 5012
3479 5017 5013
3480 5017 5020
3480 5020 5017
3480 3481 5020
6670 3481 3480
6673 3481 6670
6673 3482 3481
6673 6675 3482
6673 6674 6671
6671 6674 6673
6672 6674 6671
6672 5133 6674
6672 5132 6669
6669 5132 6672
6669 5131 6665
6665 5131 6669
5130 5131 6665
5130 29676 29726
5130 29726 29676
5129 29726 29775
5129 29775 29726
5128 29775 29823
5128 29823 29775
5127 29823 29870
5127 29870 29823
5126 29870 29916
5126 29916 29870
5126 5125 6630
6630 5125 6620
6630 6620 6619
6619 6620 6608
6608 6620 6619
6608 6609 6596
6596 6609 6608
6596 6597 6583
6583 6597 6596
6583 6584 6569
6569 6584 6583
6570 6584 6569
6570 5121 6584
6570 5120 6555
6555 5120 6570
5119 5120 6555
5119 30171 30210
30210 30171 30170
30210 30170 30209
30210 30209 30170
30248 30209 30247
30248 30247 30209
30285 30247 30284
30285 30284 30247
30321 30284 30320
30321 30320 30284
30356 30320 30355
30356 30355 30320
30356 30390 30355
5114 30390 30356
5113 30390 30423
5113 30423 30390
5113 5112 6422
6422 5112 6399
6422 6399 6398
6398 6399 6374
6398 6374 6373
6373 6374 6348
6373 6348 6347
6373 6347 6372
6372 6347 6346
6372 6346 6371
6371 6346 6345
6371 6345 6370
6370 6345 6344
6370 6344 6369
6369 6344 6343
6369 6343 6368
6368 6343 6342
6368 6342 6367
6367 6342 6341
6367 6341 6366
6366 6341 6340
6340 6341 6314
6340 6314 6313
6340 6313 6339
6339 6313 6312
6339 6312 6338
6338 6312 6311
6338 6311 6337
6337 6311 6310
6337 6310 6336
6337 6336 6310
6362 6336 6361
6361 6336 6335
6361 6335 6360
6360 6335 6334
6360 6334 6359
6359 6334 6333
6359 6333 6358
6359 6358 6333
6383 6358 6382
6382 6358 6357
6382 6357 6381
6382 6381 6357
6405 6381 6404
6405 6404 6381
6427 6404 6426
6427 6426 6404
6427 6448 6426
6449 6448 6427
6469 6448 6468
6469 6468 6448
6469 6488 6468
6489 6488 6469
6489 6507 6488
6508 6507 6489
6525 6507 6524
6525 6524 6507
6541 6524 6540
6541 6540 6524
6541 6556 6540
6557 6556 6541
6571 6556 3469
6571 3469 6556
6571 3470 3469
6585 3470 6571
6585 3471 3470
6598 3471 6585
6598 3472 3471
6610 3472 6598
</Vertices>
                <Weights>0.67 0.33 0
0.67 0.33 0
0.67 0.33 0
0.67 0.33 0
0.67 0.33 0
0.67 0.33 0
0.67 0.33 0
0.67 0.33 0
0.67 0.33 0
0.67 0.33 0
0.67 0.33 0
0.67 0.33 0
0.67 0.33 0
0.67 0.33 0
0.67 0.33 0
0.67 0.33 0
0.67 0.33 0
0.67 0.33 0
0.67 0.33 0
0.67 0.33 0
0.67 0.33 0
0.67 0.33 0
0.67 0.33 0
0.67 0.33 0
0.67 0.33 0
0.67 0.33 0
0.67 0.33 0
0.67 0.33 0
0.67 0.33 0
0.67 0.33 0
0.67 0.33 0
0.67 0.33 0
0.67 0.33 0
0.67 0.33 0
0.67 0.33 0
0.67 0.33 0
0.67 0.33 0
0.67 0.33 0
0.67 0.33 0
0.67 0.33 0
0.67 0.33 0
0.67 0.33 0
0.67 0.33 0
0.67 0.33 0
0.67 0.33 0
0.67 0.33 0
0.67 0.33 0
0.67 0.33 0
0.67 0.33 0
0.67 0.33 0
0.67 0.33 0
0.67 0.33 0
0.67 0.33 0
0.67 0.33 0
0.67 0.33 0
0.67 0.33 0
0.67 0.33 0
0.67 0.33 0
0.67 0.33 0
0.67 0.33 0
0.67 0.33 0
0.67 0.33 0
0.67 0.33 0
0.67 0.33 0
0.67 0.33 0
0.67 0.33 0
0.67 0.33 0
0.67 0.33 0
0.67 0.33 0
0.67 0.33 0
0.67 0.33 0
0.67 0.33 0
0.67 0.33 0
0.67 0.33 0
0.67 0.33 0
0.67 0.33 0
0.67 0.33 0
0.67 0.33 0
0.67 0.33 0
0.67 0.33 0
0.67 0.33 0
0.67 0.33 0
0.67 0.33 0
0.67 0.33 0
0.67 0.33 0
0.67 0.33 0
0.67 0.33 0
0.67 0.33 0
0.67 0.33 0
0.67 0.33 0
0.67 0.33 0
0.67 0.33 0
0.67 0.33 0
0.67 0.33 0
0.67 0.33 0
0.67 0.33 0
0.67 0.33 0
0.67 0.33 0
0.67 0.33 0
0.67 0.33 0
0.67 0.33 0
0.67 0.33 0
0.67 0.33 0
0.67 0.33 0
0.67 0.33 0
0.67 0.33 0
0.67 0.33 0
0.67 0.33 0
0.67 0.33 0
0.67 0.33 0
0.67 0.33 0
0.67 0.33 0
0.67 0.33 0
0.67 0.33 0
0.67 0.33 0
0.67 0.33 0
0.67 0.33 0
0.67 0.33 0
0.67 0.33 0
0.67 0.33 0
0.67 0.33 0
0.67 0.33 0
0.67 0.33 0
0.67 0.33 0
0.67 0.33 0
0.67 0.33 0
0.67 0.33 0
0.67 0.33 0
0.67 0.33 0
0.67 0.33 0
0.67 0.33 0
0.67 0.33 0
0.67 0.33 0
0.67 0.33 0
0.67 0.33 0
0.67 0.33 0
0.67 0.33 0
0.67 0.33 0
0.67 0.33 0
0.67 0.33 0
0.67 0.33 0
0.67 0.33 0
0.67 0.33 0
0.67 0.33 0
0.67 0.33 0
0.67 0.33 0
0.67 0.33 0
0.67 0.33 0
</Weights>
            </BorderPart>
        </Border>
        <Border Name="R_A6m_R" Red="0.243137" Green="0" Blue="0.415686">
            <BorderPart Closed="True">
                <Vertices>1748 1747 1859
1859 1747 1858
1859 1858 1747
1859 1913 1858
1914 1913 1859
1914 1967 1913
1968 1967 1914
2020 1967 2019
2020 2019 1967
2071 2019 2070
2071 2070 2019
2071 2121 2070
2122 2121 2071
2122 2171 2121
2122 2172 2171
2123 2172 2122
2123 2173 2172
2124 2173 2123
2174 2173 2124
2174 2222 2173
2174 2223 2222
2175 2223 2174
2224 2223 2175
2224 2271 2223
2224 2272 2271
2225 2272 2224
2225 2273 2272
2225 2226 2177
2177 2226 2225
2178 2226 2177
2178 2227 2226
2178 2179 2129
2129 2179 2178
2129 2130 2079
2129 2079 2078
2078 2079 2027
2027 2079 2078
2028 2079 2027
2028 2080 2079
2028 2029 1976
1976 2029 2028
1977 2029 1976
1977 2030 2029
1978 2030 1977
1978 2031 2030
1978 1979 1925
1925 1979 1978
1926 1979 1925
1926 1980 1979
1926 1927 1872
1926 1872 1871
1871 1872 1760
1760 1872 1871
1761 1872 1760
1761 1873 1872
1761 1762 1873
4919 1762 1761
4919 4933 1762
4920 4933 4919
4920 4934 4933
4921 4934 4920
4921 4935 4934
4922 4935 4921
4936 4935 4922
4936 4948 4935
4949 4948 4936
4949 4960 4948
4961 4960 4949
4961 4971 4960
4961 4972 4971
4962 4972 4961
4962 4973 4972
4963 4973 4962
4974 4973 4963
4974 4983 4973
4984 4983 4974
4984 4992 4983
4984 4993 4992
4984 4985 4975
4975 4985 4984
4976 4985 4975
4976 4986 4985
4976 4977 4966
4966 4977 4976
4967 4977 4966
4967 4978 4977
4968 4978 4967
4968 3473 4978
3472 3473 4968
3472 6610 6598
3472 6598 3471
3471 6598 6585
3471 6585 3470
3470 6585 6571
3470 6571 3469
3469 6571 6556
6556 6571 3469
6556 6557 6541
6556 6541 6540
6540 6541 6524
6524 6541 6540
6524 6525 6507
6507 6525 6524
6507 6508 6489
6507 6489 6488
6488 6489 6469
6488 6469 6468
6468 6469 6448
6448 6469 6468
6448 6449 6427
6448 6427 6426
6426 6427 6404
6404 6427 6426
6404 6405 6381
6381 6405 6404
6381 6382 6357
6357 6382 6381
6358 6382 6357
6358 6383 6382
6358 6359 6333
6333 6359 6358
6333 6334 6307
6333 6307 6306
6306 6307 6279
6306 6279 6278
6306 6278 6305
6305 6278 6277
6277 6278 6249
6277 6249 6248
6277 6248 6276
6277 6276 6248
6304 6276 6303
6304 6303 6276
6330 6303 6329
6329 6303 6302
6329 6302 6328
6329 6328 6302
6354 6328 6353
6353 6328 6327
6327 6328 6301
6327 6301 6300
6327 6300 6326
6327 6326 6300
6352 6326 6351
6351 6326 6325
6351 6325 3458
6351 3458 6325
3459 3458 4723
3459 4723 4747
4747 4723 4722
4722 4723 4697
4722 4697 4696
4722 4696 4721
4721 4696 4695
4721 4695 4720
4720 4695 4694
4720 4694 4719
4720 4719 4694
4744 4719 4743
4743 4719 4718
4743 4718 4742
4742 4718 4717
4742 4717 4741
4742 4741 4717
4765 4741 4764
4764 4741 4740
4764 4740 4763
4763 4740 4739
4739 4740 4715
4739 4715 4714
4739 4714 4738
4738 4714 4713
4738 4713 4737
4737 4713 4712
4737 4712 4736
4736 4712 4711
4736 4711 4735
4735 4711 4710
4735 4710 4734
4734 4710 4709
4734 4709 4733
4733 4709 4708
4733 4708 4732
4732 4708 4707
4707 4708 4682
4707 4682 4681
4707 4681 4706
4706 4681 4680
4706 4680 4705
4705 4680 4679
4705 4679 4704
4704 4679 4678
4678 4679 4652
4678 4652 4651
4678 4651 4677
4677 4651 4650
4650 4651 4623
4650 4623 4622
4622 4623 4594
4622 4594 4593
4622 4593 4621
4622 4621 4593
4649 4621 4648
4648 4621 4620
4648 4620 4647
4648 4647 4620
4674 4647 4673
4673 4647 4646
4673 4646 1749
1749 4646 1748
1748 4646 4618
1748 4618 1747
</Vertices>
                <Weights>0.67 0.33 0
0.67 0.33 0
0.67 0.33 0
0.67 0.33 0
0.67 0.33 0
0.67 0.33 0
0.67 0.33 0
0.67 0.33 0
0.67 0.33 0
0.67 0.33 0
0.67 0.33 0
0.67 0.33 0
0.67 0.33 0
0.67 0.33 0
0.67 0.33 0
0.67 0.33 0
0.67 0.33 0
0.67 0.33 0
0.67 0.33 0
0.67 0.33 0
0.67 0.33 0
0.67 0.33 0
0.67 0.33 0
0.67 0.33 0
0.67 0.33 0
0.67 0.33 0
0.67 0.33 0
0.67 0.33 0
0.67 0.33 0
0.67 0.33 0
0.67 0.33 0
0.67 0.33 0
0.67 0.33 0
0.67 0.33 0
0.67 0.33 0
0.67 0.33 0
0.67 0.33 0
0.67 0.33 0
0.67 0.33 0
0.67 0.33 0
0.67 0.33 0
0.67 0.33 0
0.67 0.33 0
0.67 0.33 0
0.67 0.33 0
0.67 0.33 0
0.67 0.33 0
0.67 0.33 0
0.67 0.33 0
0.67 0.33 0
0.67 0.33 0
0.67 0.33 0
0.67 0.33 0
0.67 0.33 0
0.67 0.33 0
0.67 0.33 0
0.67 0.33 0
0.67 0.33 0
0.67 0.33 0
0.67 0.33 0
0.67 0.33 0
0.67 0.33 0
0.67 0.33 0
0.67 0.33 0
0.67 0.33 0
0.67 0.33 0
0.67 0.33 0
0.67 0.33 0
0.67 0.33 0
0.67 0.33 0
0.67 0.33 0
0.67 0.33 0
0.67 0.33 0
0.67 0.33 0
0.67 0.33 0
0.67 0.33 0
0.67 0.33 0
0.67 0.33 0
0.67 0.33 0
0.67 0.33 0
0.67 0.33 0
0.67 0.33 0
0.67 0.33 0
0.67 0.33 0
0.67 0.33 0
0.67 0.33 0
0.67 0.33 0
0.67 0.33 0
0.67 0.33 0
0.67 0.33 0
0.67 0.33 0
0.67 0.33 0
0.67 0.33 0
0.67 0.33 0
0.67 0.33 0
0.67 0.33 0
0.67 0.33 0
0.67 0.33 0
0.67 0.33 0
0.67 0.33 0
0.67 0.33 0
0.67 0.33 0
0.67 0.33 0
0.67 0.33 0
0.67 0.33 0
0.67 0.33 0
0.67 0.33 0
0.67 0.33 0
0.67 0.33 0
0.67 0.33 0
0.67 0.33 0
0.67 0.33 0
0.67 0.33 0
0.67 0.33 0
0.67 0.33 0
0.67 0.33 0
0.67 0.33 0
0.67 0.33 0
0.67 0.33 0
0.67 0.33 0
0.67 0.33 0
0.67 0.33 0
0.67 0.33 0
0.67 0.33 0
0.67 0.33 0
0.67 0.33 0
0.67 0.33 0
0.67 0.33 0
0.67 0.33 0
0.67 0.33 0
0.67 0.33 0
0.67 0.33 0
0.67 0.33 0
0.67 0.33 0
0.67 0.33 0
0.67 0.33 0
0.67 0.33 0
0.67 0.33 0
0.67 0.33 0
0.67 0.33 0
0.67 0.33 0
0.67 0.33 0
0.67 0.33 0
0.67 0.33 0
0.67 0.33 0
0.67 0.33 0
0.67 0.33 0
0.67 0.33 0
0.67 0.33 0
0.67 0.33 0
0.67 0.33 0
0.67 0.33 0
0.67 0.33 0
0.67 0.33 0
0.67 0.33 0
0.67 0.33 0
0.67 0.33 0
0.67 0.33 0
0.67 0.33 0
0.67 0.33 0
0.67 0.33 0
0.67 0.33 0
0.67 0.33 0
0.67 0.33 0
0.67 0.33 0
0.67 0.33 0
0.67 0.33 0
0.67 0.33 0
0.67 0.33 0
0.67 0.33 0
0.67 0.33 0
0.67 0.33 0
0.67 0.33 0
0.67 0.33 0
0.67 0.33 0
0.67 0.33 0
0.67 0.33 0
0.67 0.33 0
0.67 0.33 0
0.67 0.33 0
0.67 0.33 0
0.67 0.33 0
0.67 0.33 0
0.67 0.33 0
0.67 0.33 0
0.67 0.33 0
0.67 0.33 0
0.67 0.33 0
0.67 0.33 0
0.67 0.33 0
0.67 0.33 0
0.67 0.33 0
0.67 0.33 0
0.67 0.33 0
0.67 0.33 0
0.67 0.33 0
0.67 0.33 0
0.67 0.33 0
0.67 0.33 0
0.67 0.33 0
0.67 0.33 0
0.67 0.33 0
0.67 0.33 0
0.67 0.33 0
0.67 0.33 0
0.67 0.33 0
0.67 0.33 0
0.67 0.33 0
0.67 0.33 0
0.67 0.33 0
0.67 0.33 0
0.67 0.33 0
</Weights>
            </BorderPart>
        </Border>
        <Border Name="R_A9m_R" Red="0.552941" Green="1" Blue="0.619608">
            <BorderPart Closed="True">
                <Vertices>1785 1784 2290
1785 2290 2336
2336 2290 2289
2336 2289 2335
2336 2335 2289
2381 2335 2380
2380 2335 2334
2380 2334 2379
2380 2379 2334
2424 2379 2423
2423 2379 2378
2423 2378 2422
2422 2378 2377
2422 2377 2421
2421 2377 2376
2421 2376 2420
2421 2420 2376
2464 2420 2463
2463 2420 2419
2463 2419 2462
2462 2419 2418
2462 2418 2461
2461 2418 2417
2461 2417 2460
2460 2417 2416
2460 2416 2459
2460 2459 2416
2502 2459 2501
2502 2501 2459
2502 2543 2501
2544 2543 2502
2584 2543 2583
2583 2543 2542
2583 2542 2582
2583 2582 2542
2583 2622 2582
2623 2622 2583
2623 2661 2622
2623 2662 2661
2624 2662 2623
2663 2662 2624
2663 2700 2662
2701 2700 2663
2737 2700 2736
2737 2736 2700
2737 2772 2736
2773 2772 2737
2773 2807 2772
2808 2807 2773
2808 2841 2807
2842 2841 2808
2874 2841 2873
2874 2873 2841
2905 2873 2904
2905 2904 2873
2905 2935 2904
2936 2935 2905
2965 2935 2964
2965 2964 2935
2993 2964 2992
2993 2992 2964
2993 3020 2992
1804 3020 2993
1805 3020 3046
1805 3046 3020
1805 1806 3046
28976 1806 28946
28976 28946 28945
28945 28946 28914
28945 28914 28913
28913 28914 28881
28913 28881 28880
28880 28881 28847
28880 28847 28846
28880 28846 28879
28879 28846 28845
28879 28845 28878
28878 28845 28844
28878 28844 28877
28878 28877 28844
28910 28877 28909
28910 28909 28877
28941 28909 28940
28940 28909 28908
28940 28908 28939
28939 28908 28907
28907 28908 28875
28907 28875 28874
28907 28874 28906
28907 28906 28874
28938 28906 28937
28938 28937 28906
28968 28937 28967
28967 28937 28936
28967 28936 28966
28966 28936 28935
28966 28935 28965
28966 28965 28935
28995 28965 28994
28995 28994 28965
29023 28994 29022
29022 28994 28993
29022 28993 29021
29022 29021 28993
29049 29021 29048
29048 29021 29020
29048 29020 29047
29047 29020 29019
29047 29019 29046
29047 29046 29019
29073 29046 29072
29073 29072 29046
29098 29072 29097
29098 29097 29072
29122 29097 29121
29122 29121 29097
29122 29145 29121
29146 29145 29122
29146 29168 29145
29169 29168 29146
29190 29168 29189
29190 29189 29168
29190 29210 29189
29211 29210 29190
29230 29210 29229
29230 29229 29210
29230 29248 29229
29249 29248 29230
29249 29266 29248
29267 29266 29249
29267 29283 29266
29284 29283 29267
29299 29283 29298
29299 29298 29283
29299 29313 29298
29314 29313 29299
29327 29313 29326
29327 29326 29313
29327 29339 29326
29340 29339 29327
29340 29351 29339
29352 29351 29340
29362 29351 29361
29362 29361 29351
29362 29371 29361
29372 29371 29362
29372 29380 29371
29372 29381 29380
29373 29381 29372
29373 29382 29381
29374 29382 29373
29374 29383 29382
29375 29383 29374
29375 1784 29383
</Vertices>
                <Weights>0.67 0.33 0
0.67 0.33 0
0.67 0.33 0
0.67 0.33 0
0.67 0.33 0
0.67 0.33 0
0.67 0.33 0
0.67 0.33 0
0.67 0.33 0
0.67 0.33 0
0.67 0.33 0
0.67 0.33 0
0.67 0.33 0
0.67 0.33 0
0.67 0.33 0
0.67 0.33 0
0.67 0.33 0
0.67 0.33 0
0.67 0.33 0
0.67 0.33 0
0.67 0.33 0
0.67 0.33 0
0.67 0.33 0
0.67 0.33 0
0.67 0.33 0
0.67 0.33 0
0.67 0.33 0
0.67 0.33 0
0.67 0.33 0
0.67 0.33 0
0.67 0.33 0
0.67 0.33 0
0.67 0.33 0
0.67 0.33 0
0.67 0.33 0
0.67 0.33 0
0.67 0.33 0
0.67 0.33 0
0.67 0.33 0
0.67 0.33 0
0.67 0.33 0
0.67 0.33 0
0.67 0.33 0
0.67 0.33 0
0.67 0.33 0
0.67 0.33 0
0.67 0.33 0
0.67 0.33 0
0.67 0.33 0
0.67 0.33 0
0.67 0.33 0
0.67 0.33 0
0.67 0.33 0
0.67 0.33 0
0.67 0.33 0
0.67 0.33 0
0.67 0.33 0
0.67 0.33 0
0.67 0.33 0
0.67 0.33 0
0.67 0.33 0
0.67 0.33 0
0.67 0.33 0
0.67 0.33 0
0.67 0.33 0
0.67 0.33 0
0.67 0.33 0
0.67 0.33 0
0.67 0.33 0
0.67 0.33 0
0.67 0.33 0
0.67 0.33 0
0.67 0.33 0
0.67 0.33 0
0.67 0.33 0
0.67 0.33 0
0.67 0.33 0
0.67 0.33 0
0.67 0.33 0
0.67 0.33 0
0.67 0.33 0
0.67 0.33 0
0.67 0.33 0
0.67 0.33 0
0.67 0.33 0
0.67 0.33 0
0.67 0.33 0
0.67 0.33 0
0.67 0.33 0
0.67 0.33 0
0.67 0.33 0
0.67 0.33 0
0.67 0.33 0
0.67 0.33 0
0.67 0.33 0
0.67 0.33 0
0.67 0.33 0
0.67 0.33 0
0.67 0.33 0
0.67 0.33 0
0.67 0.33 0
0.67 0.33 0
0.67 0.33 0
0.67 0.33 0
0.67 0.33 0
0.67 0.33 0
0.67 0.33 0
0.67 0.33 0
0.67 0.33 0
0.67 0.33 0
0.67 0.33 0
0.67 0.33 0
0.67 0.33 0
0.67 0.33 0
0.67 0.33 0
0.67 0.33 0
0.67 0.33 0
0.67 0.33 0
0.67 0.33 0
0.67 0.33 0
0.67 0.33 0
0.67 0.33 0
0.67 0.33 0
0.67 0.33 0
0.67 0.33 0
0.67 0.33 0
0.67 0.33 0
0.67 0.33 0
0.67 0.33 0
0.67 0.33 0
0.67 0.33 0
0.67 0.33 0
0.67 0.33 0
0.67 0.33 0
0.67 0.33 0
0.67 0.33 0
0.67 0.33 0
0.67 0.33 0
0.67 0.33 0
0.67 0.33 0
0.67 0.33 0
0.67 0.33 0
0.67 0.33 0
0.67 0.33 0
0.67 0.33 0
0.67 0.33 0
0.67 0.33 0
0.67 0.33 0
0.67 0.33 0
0.67 0.33 0
0.67 0.33 0
0.67 0.33 0
0.67 0.33 0
0.67 0.33 0
</Weights>
            </BorderPart>
        </Border>
        <Border Name="R_A10m_R" Red="0.309804" Green="0.482353" Blue="0.552941">
            <BorderPart Closed="True">
                <Vertices>28110 28058 28109
28110 28109 28058
28160 28109 28159
28159 28109 28108
28159 28108 28158
28159 28158 28108
28208 28158 28207
28207 28158 28157
28207 28157 28206
28207 28206 28157
28207 28255 28206
28256 28255 28207
28303 28255 28302
28303 28302 28255
28349 28302 28348
28349 28348 28302
28394 28348 28393
28394 28393 28348
28394 28438 28393
28439 28438 28394
28482 28438 28481
28482 28481 28438
28524 28481 28523
28524 28523 28481
28565 28523 28564
28565 28564 28523
28565 28605 28564
28606 28605 28565
28645 28605 28644
28645 28644 28605
28645 28683 28644
28684 28683 28645
28684 28721 28683
28722 28721 28684
28722 28758 28721
28722 28759 28758
28723 28759 28722
28760 28759 28723
28760 28795 28759
28796 28795 28760
28796 28830 28795
28831 28830 28796
28864 28830 28863
28864 28863 28830
28864 28896 28863
28897 28896 28864
28928 28896 28927
28928 28927 28896
28928 28958 28927
28959 28958 28928
28959 28988 28958
28989 28988 28959
28989 29017 28988
29018 29017 28989
29045 29017 29044
29045 29044 29017
29045 29071 29044
29045 29072 29071
29046 29072 29045
29046 29073 29072
29046 29047 29019
29019 29047 29046
29020 29047 29019
29020 29048 29047
29021 29048 29020
29021 29049 29048
29021 29022 28993
28993 29022 29021
28994 29022 28993
28994 29023 29022
28994 28995 28965
28965 28995 28994
28965 28966 28935
28935 28966 28965
28936 28966 28935
28936 28967 28966
28937 28967 28936
28937 28968 28967
28937 28938 28906
28906 28938 28937
28906 28907 28874
28874 28907 28906
28875 28907 28874
28908 28907 28875
28908 28939 28907
28908 28940 28939
28909 28940 28908
28909 28941 28940
28909 28910 28877
28877 28910 28909
28877 28878 28844
28844 28878 28877
28845 28878 28844
28845 28879 28878
28846 28879 28845
28846 28880 28879
28846 28847 28812
28812 28847 28846
28812 28813 28777
28777 28813 28812
28777 28778 28741
28777 28741 28740
28740 28741 28703
28740 28703 28702
28702 28703 28664
28664 28703 28702
28664 28665 28625
28664 28625 28624
28624 28625 28584
28584 28625 28624
28584 28585 28543
28584 28543 28542
28542 28543 28500
28542 28500 28499
28499 28500 28456
28499 28456 28455
28455 28456 28411
28455 28411 28410
28410 28411 28365
28410 28365 28364
28410 28364 28409
28409 28364 28363
28409 28363 28408
28408 28363 28362
28362 28363 28316
28362 28316 28315
28362 28315 28361
28361 28315 28314
28361 28314 28360
28360 28314 28313
28313 28314 28266
28313 28266 28265
28265 28266 28217
28265 28217 28216
28265 28216 28264
28264 28216 28215
28264 28215 28263
28263 28215 28214
28214 28215 28165
28214 28165 28164
28214 28164 28213
28213 28164 28163
28163 28164 28113
28163 28113 28112
28163 28112 28162
28162 28112 28111
28111 28112 28060
28111 28060 28059
28111 28059 28110
28110 28059 28058
</Vertices>
                <Weights>0.67 0.33 0
0.67 0.33 0
0.67 0.33 0
0.67 0.33 0
0.67 0.33 0
0.67 0.33 0
0.67 0.33 0
0.67 0.33 0
0.67 0.33 0
0.67 0.33 0
0.67 0.33 0
0.67 0.33 0
0.67 0.33 0
0.67 0.33 0
0.67 0.33 0
0.67 0.33 0
0.67 0.33 0
0.67 0.33 0
0.67 0.33 0
0.67 0.33 0
0.67 0.33 0
0.67 0.33 0
0.67 0.33 0
0.67 0.33 0
0.67 0.33 0
0.67 0.33 0
0.67 0.33 0
0.67 0.33 0
0.67 0.33 0
0.67 0.33 0
0.67 0.33 0
0.67 0.33 0
0.67 0.33 0
0.67 0.33 0
0.67 0.33 0
0.67 0.33 0
0.67 0.33 0
0.67 0.33 0
0.67 0.33 0
0.67 0.33 0
0.67 0.33 0
0.67 0.33 0
0.67 0.33 0
0.67 0.33 0
0.67 0.33 0
0.67 0.33 0
0.67 0.33 0
0.67 0.33 0
0.67 0.33 0
0.67 0.33 0
0.67 0.33 0
0.67 0.33 0
0.67 0.33 0
0.67 0.33 0
0.67 0.33 0
0.67 0.33 0
0.67 0.33 0
0.67 0.33 0
0.67 0.33 0
0.67 0.33 0
0.67 0.33 0
0.67 0.33 0
0.67 0.33 0
0.67 0.33 0
0.67 0.33 0
0.67 0.33 0
0.67 0.33 0
0.67 0.33 0
0.67 0.33 0
0.67 0.33 0
0.67 0.33 0
0.67 0.33 0
0.67 0.33 0
0.67 0.33 0
0.67 0.33 0
0.67 0.33 0
0.67 0.33 0
0.67 0.33 0
0.67 0.33 0
0.67 0.33 0
0.67 0.33 0
0.67 0.33 0
0.67 0.33 0
0.67 0.33 0
0.67 0.33 0
0.67 0.33 0
0.67 0.33 0
0.67 0.33 0
0.67 0.33 0
0.67 0.33 0
0.67 0.33 0
0.67 0.33 0
0.67 0.33 0
0.67 0.33 0
0.67 0.33 0
0.67 0.33 0
0.67 0.33 0
0.67 0.33 0
0.67 0.33 0
0.67 0.33 0
0.67 0.33 0
0.67 0.33 0
0.67 0.33 0
0.67 0.33 0
0.67 0.33 0
0.67 0.33 0
0.67 0.33 0
0.67 0.33 0
0.67 0.33 0
0.67 0.33 0
0.67 0.33 0
0.67 0.33 0
0.67 0.33 0
0.67 0.33 0
0.67 0.33 0
0.67 0.33 0
0.67 0.33 0
0.67 0.33 0
0.67 0.33 0
0.67 0.33 0
0.67 0.33 0
0.67 0.33 0
0.67 0.33 0
0.67 0.33 0
0.67 0.33 0
0.67 0.33 0
0.67 0.33 0
0.67 0.33 0
0.67 0.33 0
0.67 0.33 0
0.67 0.33 0
0.67 0.33 0
0.67 0.33 0
0.67 0.33 0
0.67 0.33 0
0.67 0.33 0
0.67 0.33 0
0.67 0.33 0
0.67 0.33 0
0.67 0.33 0
0.67 0.33 0
0.67 0.33 0
0.67 0.33 0
0.67 0.33 0
0.67 0.33 0
0.67 0.33 0
0.67 0.33 0
0.67 0.33 0
0.67 0.33 0
0.67 0.33 0
</Weights>
            </BorderPart>
        </Border>
        <Border Name="R_A9/46d_R" Red="1" Green="0" Blue="0.415686">
            <BorderPart Closed="True">
                <Vertices>29436 27846 27847
29436 27847 29435
29436 29435 27847
29490 29435 29489
29489 29435 29434
29489 29434 29488
29488 29434 29433
29488 29433 29487
29487 29433 29432
29487 29432 29486
29486 29432 29431
29486 29431 29485
29485 29431 29430
29485 29430 29484
29484 29430 29429
29484 29429 29483
29483 29429 29428
29483 29428 29482
29483 29482 29428
29536 29482 29535
29536 29535 29482
29588 29535 29587
29587 29535 29534
29587 29534 29586
29586 29534 29533
29586 29533 29585
29585 29533 29532
29585 29532 29584
29584 29532 29531
29584 29531 29583
29584 29583 29531
29635 29583 29634
29635 29634 29583
29635 29685 29634
29686 29685 29635
29686 29735 29685
29736 29735 29686
29736 29784 29735
29785 29784 29736
29832 29784 29831
29832 29831 29784
29832 29878 29831
29879 29878 29832
29879 29924 29878
29925 29924 29879
29969 29924 29968
29969 29968 29924
29969 30012 29968
30013 30012 29969
30013 30055 30012
30013 30056 30055
30014 30056 30013
30057 30056 30014
30057 30098 30056
30057 30099 30098
30058 30099 30057
30058 30100 30099
30059 30100 30058
30101 30100 30059
30101 30141 30100
30101 30142 30141
30102 30142 30101
30102 30143 30142
30103 30143 30102
30103 30144 30143
30104 30144 30103
30104 30145 30144
30105 30145 30104
30105 30146 30145
30106 30146 30105
30147 30146 30106
30147 30186 30146
30147 30187 30186
30148 30187 30147
30148 30188 30187
30149 30188 30148
30189 30188 30149
30189 30227 30188
30228 30227 30189
30228 30265 30227
30228 30266 30265
30229 30266 30228
30267 30266 30229
30267 30303 30266
30267 30304 30303
30268 30304 30267
30305 30304 30268
30305 30340 30304
30305 30341 30340
30306 30341 30305
30342 30341 30306
30342 30376 30341
30342 30377 30376
30343 30377 30342
30378 30377 30343
30378 30411 30377
30412 30411 30378
30412 30444 30411
30412 30445 30444
30413 30445 30412
30413 30446 30445
30413 30414 30380
30380 30414 30413
30380 30381 30346
30346 30381 30380
30347 30381 30346
30347 30382 30381
30347 30348 30312
30312 30348 30347
30312 30313 30276
30276 30313 30312
30276 30277 30239
30239 30277 30276
30239 30240 30201
30201 30240 30239
30201 30202 30162
30201 30162 30161
30201 30161 30200
30200 30161 30160
30160 30161 30120
30160 30120 30119
30160 30119 30159
30159 30119 30118
30118 30119 30077
30118 30077 30076
30076 30077 30034
30076 30034 30033
30033 30034 29990
29990 30034 30033
29990 29991 29946
29990 29946 29945
29945 29946 29900
29945 29900 29899
29899 29900 29853
29853 29900 29899
29853 29854 29806
29806 29854 29853
29806 29807 29758
29758 29807 29806
29758 29759 29709
29709 29759 29758
29709 29710 29659
29659 29710 29709
29659 29660 29608
29659 29608 29607
29659 29607 29658
29658 29607 29606
29606 29607 29554
29606 29554 29553
29606 29553 29605
29605 29553 29552
29552 29553 29499
29552 29499 29498
29498 29499 29444
29498 29444 29443
29498 29443 29497
29497 29443 29442
29442 29443 27840
29442 27840 27841
29442 27841 29441
29441 27841 27842
29441 27842 29440
29440 27842 27843
29440 27843 29439
29439 27843 27844
29439 27844 29438
29438 27844 27845
29438 27845 29437
29437 27845 27846
29437 27846 29436
</Vertices>
                <Weights>0.67 0.33 0
0.67 0.33 0
0.67 0.33 0
0.67 0.33 0
0.67 0.33 0
0.67 0.33 0
0.67 0.33 0
0.67 0.33 0
0.67 0.33 0
0.67 0.33 0
0.67 0.33 0
0.67 0.33 0
0.67 0.33 0
0.67 0.33 0
0.67 0.33 0
0.67 0.33 0
0.67 0.33 0
0.67 0.33 0
0.67 0.33 0
0.67 0.33 0
0.67 0.33 0
0.67 0.33 0
0.67 0.33 0
0.67 0.33 0
0.67 0.33 0
0.67 0.33 0
0.67 0.33 0
0.67 0.33 0
0.67 0.33 0
0.67 0.33 0
0.67 0.33 0
0.67 0.33 0
0.67 0.33 0
0.67 0.33 0
0.67 0.33 0
0.67 0.33 0
0.67 0.33 0
0.67 0.33 0
0.67 0.33 0
0.67 0.33 0
0.67 0.33 0
0.67 0.33 0
0.67 0.33 0
0.67 0.33 0
0.67 0.33 0
0.67 0.33 0
0.67 0.33 0
0.67 0.33 0
0.67 0.33 0
0.67 0.33 0
0.67 0.33 0
0.67 0.33 0
0.67 0.33 0
0.67 0.33 0
0.67 0.33 0
0.67 0.33 0
0.67 0.33 0
0.67 0.33 0
0.67 0.33 0
0.67 0.33 0
0.67 0.33 0
0.67 0.33 0
0.67 0.33 0
0.67 0.33 0
0.67 0.33 0
0.67 0.33 0
0.67 0.33 0
0.67 0.33 0
0.67 0.33 0
0.67 0.33 0
0.67 0.33 0
0.67 0.33 0
0.67 0.33 0
0.67 0.33 0
0.67 0.33 0
0.67 0.33 0
0.67 0.33 0
0.67 0.33 0
0.67 0.33 0
0.67 0.33 0
0.67 0.33 0
0.67 0.33 0
0.67 0.33 0
0.67 0.33 0
0.67 0.33 0
0.67 0.33 0
0.67 0.33 0
