<?xml version="1.0" encoding="UTF-8"?>
<BorderFile Version="3" Structure="CORTEX_LEFT" SurfaceNumberOfVertices="163842">
    <MetaData>
        <MD>
            <Name>ParentProvenance</Name>
            <Value>fsaverage.L.white.164k_fs_LR.surf.gii:
/DATA/232/lqcheng/software/workbench/bin_rh_linux64/../exe_rh_linux64/wb_command -surface-resample /DATA/232/lqcheng/Human/HCP/05_subjects/average/MNILinear/Native/average.L.white.native.surf.gii /DATA/232/lqcheng/Human/HCP/05_subjects/average/MNILinear/Native/average.L.sphere.reg.reg_LR.native.surf.gii /DATA/232/lqcheng/Human/HCP/05_subjects/average/MNILinear/average.L.sphere.164k_fs_LR.surf.gii BARYCENTRIC /DATA/232/lqcheng/Human/HCP/05_subjects/average/MNILinear/average.L.white.164k_fs_LR.surf.gii

fsaverage.L.BN_Atlas.164k_fs_LR.label.gii:
/DATA/232/lqcheng/software/workbench/bin_rh_linux64/../exe_rh_linux64/wb_command -label-resample /DATA/232/lqcheng/Human/HCP/05_subjects/average/MNILinear/Native/average.L.BN_Atlas.native.label.gii /DATA/232/lqcheng/Human/HCP/05_subjects/average/MNILinear/Native/average.L.sphere.reg.reg_LR.native.surf.gii /DATA/232/lqcheng/Human/HCP/05_subjects/average/MNILinear/average.L.sphere.164k_fs_LR.surf.gii BARYCENTRIC /DATA/232/lqcheng/Human/HCP/05_subjects/average/MNILinear/average.L.BN_Atlas.164k_fs_LR.label.gii -largest

</Value>
        </MD>
        <MD>
            <Name>ProgramProvenance</Name>
            <Value>Connectome Workbench
Type: Command Line Application
Version: 1.2.3
Qt Compiled Version: 4.8.4
Qt Runtime Version: 4.8.4
Commit: c170db0277de04cb8a5c04fdf96e45adcda47d6d
Commit Date: 2016-08-23 19:08:10 -0500
Compiled with OpenMP: YES
Compiler: g++44 (/usr/bin)
Compiler Version: 4.4.7
Compiled Debug: NO
Operating System: Linux
</Value>
        </MD>
        <MD>
            <Name>Provenance</Name>
            <Value>/DATA/232/lqcheng/software/workbench/bin_rh_linux64/../exe_rh_linux64/wb_command -label-to-border fsaverage.L.white.164k_fs_LR.surf.gii fsaverage.L.BN_Atlas.164k_fs_LR.label.gii fsaverage.L.BN_Atlas.164k_fs_LR.border</Value>
        </MD>
        <MD>
            <Name>WorkingDirectory</Name>
            <Value>/DATA/232/lqcheng/Human/HCP/05_subjects/BN_Atlas_freesurfer6.0/fsaverage/fsaverage_LR164k</Value>
        </MD>
    </MetaData>
    <Class Name="average_L_BN_Atlas" Red="0" Green="0" Blue="0">
        <Border Name="L_A8m_L" Red="0" Green="1" Blue="0">
            <BorderPart Closed="True">
                <Vertices>8489 8488 8742
8742 8488 8741
8742 8741 8488
8867 8741 8866
8866 8741 8740
8866 8740 8865
8866 8865 8740
8990 8865 8989
8990 8989 8865
8990 9113 8989
9114 9113 8990
9236 9113 9235
9235 9113 9112
9235 9112 9234
9235 9234 9112
9356 9234 9355
9356 9355 9234
9356 9476 9355
9477 9476 9356
9596 9476 9595
9596 9595 9476
9714 9595 9713
9713 9595 9594
9713 9594 9712
9713 9712 9594
9830 9712 9829
9830 9829 9712
9946 9829 9945
9946 9945 9829
9946 10061 9945
10062 10061 9946
10176 10061 10175
10175 10061 10060
10175 10060 10174
10175 10174 10060
10288 10174 10287
10288 10287 10174
10400 10287 10399
10399 10287 10286
10399 10286 10398
10399 10398 10286
10510 10398 10509
10510 10509 10398
10620 10509 10619
10619 10509 10508
10619 10508 10618
10619 10618 10508
10619 10728 10618
10729 10728 10619
10837 10728 10836
10836 10728 10727
10836 10727 10835
10836 10835 10727
10943 10835 10942
10943 10942 10835
11049 10942 11048
11049 11048 10942
11049 11154 11048
11155 11154 11049
11259 11154 11258
11259 11258 11154
11259 11362 11258
11363 11362 11259
11465 11362 11464
11465 11464 11362
11465 11566 11464
11567 11566 11465
11567 11667 11566
11567 11668 11667
11568 11668 11567
11669 11668 11568
11669 11768 11668
11769 11768 11669
11769 11867 11768
11868 11867 11769
11868 11965 11867
11966 11965 11868
12062 11965 12061
12062 12061 11965
12062 12157 12061
12158 12157 12062
12252 12157 12251
12252 12251 12157
12345 12251 12344
12345 12344 12251
12437 12344 12436
12437 12436 12344
12528 12436 12527
12528 12527 12436
12528 12618 12527
12619 12618 12528
12619 12708 12618
12709 12708 12619
12709 12797 12708
12798 12797 12709
12798 12885 12797
12798 12886 12885
12799 12886 12798
12799 12887 12886
12799 12800 12711
12711 12800 12799
12712 12800 12711
12712 12801 12800
12712 12713 12623
12623 12713 12712
12624 12713 12623
12624 12714 12713
12624 12625 12534
12534 12625 12624
12535 12625 12534
12535 12626 12625
12535 12536 12444
12444 12536 12535
12444 12445 12352
12352 12445 12444
12353 12445 12352
12353 12446 12445
12353 12354 12260
12260 12354 12353
12261 12354 12260
12261 12355 12354
12261 12262 12167
12167 12262 12261
12168 12262 12167
12168 12263 12262
12168 12169 12073
12073 12169 12168
12074 12169 12073
12074 12170 12169
12074 12075 11978
11978 12075 12074
11979 12075 11978
12076 12075 11979
12076 12171 12075
12076 12172 12171
12077 12172 12076
12077 12173 12172
12077 12078 11981
11981 12078 12077
11982 12078 11981
12079 12078 11982
12079 12174 12078
12079 12175 12174
12079 12080 11983
11983 12080 12079
11984 12080 11983
11984 12081 12080
11985 12081 11984
11985 12082 12081
11985 11986 11888
11888 11986 11985
11889 11986 11888
11889 11987 11986
11889 11890 11791
11791 11890 11889
11792 11890 11791
11792 11891 11890
11792 11793 11693
11693 11793 11792
11694 11793 11693
11694 11794 11793
11694 11695 11594
11594 11695 11694
11595 11695 11594
11595 11696 11695
11596 11696 11595
11697 11696 11596
11697 11796 11696
11697 11797 11796
11697 11698 11597
11597 11698 11697
11598 11698 11597
11598 8547 11698
8546 8547 11598
8546 147514 147539
8546 147539 147514
8545 147539 147563
147563 147539 147538
147563 147538 147562
147562 147538 147537
147562 147537 147561
147561 147537 147536
147561 147536 147560
147561 147560 147536
147584 147560 147583
147583 147560 147559
147583 147559 147582
147583 147582 147559
147605 147582 147604
147604 147582 147581
147581 147582 147558
147581 147558 147557
147581 147557 147580
147581 147580 147557
147603 147580 147602
147602 147580 147579
147579 147580 147556
147579 147556 147555
147555 147556 147531
147555 147531 147530
147555 147530 147554
147555 147554 147530
147578 147554 147577
147577 147554 147553
147577 147553 147576
147576 147553 147552
147576 147552 147575
147576 147575 147552
147576 147598 147575
147599 147598 147576
147620 147598 147619
147620 147619 147598
147620 147640 147619
147641 147640 147620
147660 147640 147659
147660 147659 147640
147660 147678 147659
147679 147678 147660
147696 147678 147695
147696 147695 147678
147712 147695 147711
147712 147711 147695
147712 147727 147711
147728 147727 147712
147742 147727 147741
147742 147741 147727
147742 147755 147741
147756 147755 147742
147768 147755 147767
147768 147767 147755
147779 147767 147778
147779 147778 147767
147789 147778 147788
147788 147778 147777
147788 147777 147787
147788 147787 147777
147797 147787 147796
147797 147796 147787
147805 147796 147804
147805 147804 147796
147805 147812 147804
147805 147813 147812
147806 147813 147805
147814 147813 147806
147820 147813 147819
147820 147819 147813
147820 147825 147819
147826 147825 147820
147830 147825 139716
147830 139716 147825
147830 139715 139716
147834 139715 147830
147834 139714 139715
147837 139714 147834
139713 139714 147837
139713 147964 139714
147965 147964 139713
147965 148090 147964
25156 148090 147965
25156 25155 33157
33157 25155 33155
33155 25155 33157
25154 25155 33155
25154 148214 148337
25154 148337 148214
25154 25153 33152
33152 25153 33148
33148 25153 33152
33148 25152 33143
33148 33143 33142
33142 33143 33136
33142 33136 33135
33142 33135 33141
33141 33135 33134
33134 33135 33127
33134 33127 33126
33126 33127 33118
33126 33118 33117
33117 33118 33108
33108 33118 33117
33108 33109 33098
33108 33098 33097
33108 33097 33107
33107 33097 33096
33096 33097 33085
33096 33085 33084
33084 33085 33072
33072 33085 33084
33072 33073 33059
33072 33059 33058
33058 33059 33044
33058 33044 33043
33058 33043 33057
33057 33043 33042
33042 33043 33027
33027 33043 33042
33027 33028 33011
33027 33011 33010
33027 33010 33026
33027 33026 33010
33042 33026 33041
33041 33026 33025
33041 33025 33040
33041 33040 33025
33055 33040 33054
33054 33040 33039
33054 33039 16888
16888 33039 16887
16888 16887 24798
16888 24798 24812
24812 24798 24797
24797 24798 24782
24782 24798 24797
24782 24783 24766
24782 24766 24765
24782 24765 24781
24781 24765 24764
24764 24765 24747
24764 24747 24746
24746 24747 24728
24746 24728 24727
24727 24728 24708
24727 24708 24707
24707 24708 24687
24707 24687 24686
24686 24687 24665
24665 24687 24686
24665 24666 24643
24665 24643 24642
24665 24642 24664
24664 24642 24641
24664 24641 24663
24663 24641 24640
24663 24640 24662
24663 24662 24640
24684 24662 24683
24683 24662 24661
24683 24661 24682
24682 24661 24660
24682 24660 24681
24681 24660 24659
24659 24660 24637
24659 24637 24636
24659 24636 24658
24658 24636 24635
24635 24636 24612
24612 24636 24635
24612 24613 24588
24612 24588 24587
24612 24587 24611
24611 24587 24586
24586 24587 24561
24561 24587 24586
24561 24562 24535
24561 24535 24534
24561 24534 24560
24560 24534 24533
24560 24533 24559
24559 24533 24532
24532 24533 24505
24532 24505 24504
24532 24504 24531
24531 24504 24503
24531 24503 24530
24530 24503 24502
24530 24502 24529
24529 24502 24501
24501 24502 24473
24501 24473 24472
24472 24473 24443
24472 24443 24442
24472 24442 24471
24471 24442 24441
24471 24441 24470
24470 24441 24440
24470 24440 24469
24469 24440 24439
24469 24439 8491
8491 24439 8490
8490 24439 24408
8490 24408 8489
8489 24408 24376
8489 24376 8488
</Vertices>
                <Weights>0.67 0.33 0
0.67 0.33 0
0.67 0.33 0
0.67 0.33 0
0.67 0.33 0
0.67 0.33 0
0.67 0.33 0
0.67 0.33 0
0.67 0.33 0
0.67 0.33 0
0.67 0.33 0
0.67 0.33 0
0.67 0.33 0
0.67 0.33 0
0.67 0.33 0
0.67 0.33 0
0.67 0.33 0
0.67 0.33 0
0.67 0.33 0
0.67 0.33 0
0.67 0.33 0
0.67 0.33 0
0.67 0.33 0
0.67 0.33 0
0.67 0.33 0
0.67 0.33 0
0.67 0.33 0
0.67 0.33 0
0.67 0.33 0
0.67 0.33 0
0.67 0.33 0
0.67 0.33 0
0.67 0.33 0
0.67 0.33 0
0.67 0.33 0
0.67 0.33 0
0.67 0.33 0
0.67 0.33 0
0.67 0.33 0
0.67 0.33 0
0.67 0.33 0
0.67 0.33 0
0.67 0.33 0
0.67 0.33 0
0.67 0.33 0
0.67 0.33 0
0.67 0.33 0
0.67 0.33 0
0.67 0.33 0
0.67 0.33 0
0.67 0.33 0
0.67 0.33 0
0.67 0.33 0
0.67 0.33 0
0.67 0.33 0
0.67 0.33 0
0.67 0.33 0
0.67 0.33 0
0.67 0.33 0
0.67 0.33 0
0.67 0.33 0
0.67 0.33 0
0.67 0.33 0
0.67 0.33 0
0.67 0.33 0
0.67 0.33 0
0.67 0.33 0
0.67 0.33 0
0.67 0.33 0
0.67 0.33 0
0.67 0.33 0
0.67 0.33 0
0.67 0.33 0
0.67 0.33 0
0.67 0.33 0
0.67 0.33 0
0.67 0.33 0
0.67 0.33 0
0.67 0.33 0
0.67 0.33 0
0.67 0.33 0
0.67 0.33 0
0.67 0.33 0
0.67 0.33 0
0.67 0.33 0
0.67 0.33 0
0.67 0.33 0
0.67 0.33 0
0.67 0.33 0
0.67 0.33 0
0.67 0.33 0
0.67 0.33 0
0.67 0.33 0
0.67 0.33 0
0.67 0.33 0
0.67 0.33 0
0.67 0.33 0
0.67 0.33 0
0.67 0.33 0
0.67 0.33 0
0.67 0.33 0
0.67 0.33 0
0.67 0.33 0
0.67 0.33 0
0.67 0.33 0
0.67 0.33 0
0.67 0.33 0
0.67 0.33 0
0.67 0.33 0
0.67 0.33 0
0.67 0.33 0
0.67 0.33 0
0.67 0.33 0
0.67 0.33 0
0.67 0.33 0
0.67 0.33 0
0.67 0.33 0
0.67 0.33 0
0.67 0.33 0
0.67 0.33 0
0.67 0.33 0
0.67 0.33 0
0.67 0.33 0
0.67 0.33 0
0.67 0.33 0
0.67 0.33 0
0.67 0.33 0
0.67 0.33 0
0.67 0.33 0
0.67 0.33 0
0.67 0.33 0
0.67 0.33 0
0.67 0.33 0
0.67 0.33 0
0.67 0.33 0
0.67 0.33 0
0.67 0.33 0
0.67 0.33 0
0.67 0.33 0
0.67 0.33 0
0.67 0.33 0
0.67 0.33 0
0.67 0.33 0
0.67 0.33 0
0.67 0.33 0
0.67 0.33 0
0.67 0.33 0
0.67 0.33 0
0.67 0.33 0
0.67 0.33 0
0.67 0.33 0
0.67 0.33 0
0.67 0.33 0
0.67 0.33 0
0.67 0.33 0
0.67 0.33 0
0.67 0.33 0
0.67 0.33 0
0.67 0.33 0
0.67 0.33 0
0.67 0.33 0
0.67 0.33 0
0.67 0.33 0
0.67 0.33 0
0.67 0.33 0
0.67 0.33 0
0.67 0.33 0
0.67 0.33 0
0.67 0.33 0
0.67 0.33 0
0.67 0.33 0
0.67 0.33 0
0.67 0.33 0
0.67 0.33 0
0.67 0.33 0
0.67 0.33 0
0.67 0.33 0
0.67 0.33 0
0.67 0.33 0
0.67 0.33 0
0.67 0.33 0
0.67 0.33 0
0.67 0.33 0
0.67 0.33 0
0.67 0.33 0
0.67 0.33 0
0.67 0.33 0
0.67 0.33 0
0.67 0.33 0
0.67 0.33 0
0.67 0.33 0
0.67 0.33 0
0.67 0.33 0
0.67 0.33 0
0.67 0.33 0
0.67 0.33 0
0.67 0.33 0
0.67 0.33 0
0.67 0.33 0
0.67 0.33 0
0.67 0.33 0
0.67 0.33 0
0.67 0.33 0
0.67 0.33 0
0.67 0.33 0
0.67 0.33 0
0.67 0.33 0
0.67 0.33 0
0.67 0.33 0
0.67 0.33 0
0.67 0.33 0
0.67 0.33 0
0.67 0.33 0
0.67 0.33 0
0.67 0.33 0
0.67 0.33 0
0.67 0.33 0
0.67 0.33 0
0.67 0.33 0
0.67 0.33 0
0.67 0.33 0
0.67 0.33 0
0.67 0.33 0
0.67 0.33 0
0.67 0.33 0
0.67 0.33 0
0.67 0.33 0
0.67 0.33 0
0.67 0.33 0
0.67 0.33 0
0.67 0.33 0
0.67 0.33 0
0.67 0.33 0
0.67 0.33 0
0.67 0.33 0
0.67 0.33 0
0.67 0.33 0
0.67 0.33 0
0.67 0.33 0
0.67 0.33 0
0.67 0.33 0
0.67 0.33 0
0.67 0.33 0
0.67 0.33 0
0.67 0.33 0
0.67 0.33 0
0.67 0.33 0
0.67 0.33 0
0.67 0.33 0
0.67 0.33 0
0.67 0.33 0
0.67 0.33 0
0.67 0.33 0
0.67 0.33 0
0.67 0.33 0
0.67 0.33 0
0.67 0.33 0
0.67 0.33 0
0.67 0.33 0
0.67 0.33 0
0.67 0.33 0
0.67 0.33 0
0.67 0.33 0
0.67 0.33 0
0.67 0.33 0
0.67 0.33 0
0.67 0.33 0
0.67 0.33 0
0.67 0.33 0
0.67 0.33 0
0.67 0.33 0
0.67 0.33 0
0.67 0.33 0
0.67 0.33 0
0.67 0.33 0
0.67 0.33 0
0.67 0.33 0
0.67 0.33 0
0.67 0.33 0
0.67 0.33 0
0.67 0.33 0
0.67 0.33 0
0.67 0.33 0
0.67 0.33 0
0.67 0.33 0
0.67 0.33 0
0.67 0.33 0
0.67 0.33 0
0.67 0.33 0
0.67 0.33 0
0.67 0.33 0
0.67 0.33 0
0.67 0.33 0
0.67 0.33 0
0.67 0.33 0
0.67 0.33 0
0.67 0.33 0
0.67 0.33 0
0.67 0.33 0
0.67 0.33 0
0.67 0.33 0
0.67 0.33 0
0.67 0.33 0
0.67 0.33 0
0.67 0.33 0
0.67 0.33 0
0.67 0.33 0
0.67 0.33 0
0.67 0.33 0
0.67 0.33 0
0.67 0.33 0
0.67 0.33 0
0.67 0.33 0
0.67 0.33 0
0.67 0.33 0
0.67 0.33 0
0.67 0.33 0
0.67 0.33 0
0.67 0.33 0
0.67 0.33 0
0.67 0.33 0
0.67 0.33 0
0.67 0.33 0
0.67 0.33 0
0.67 0.33 0
0.67 0.33 0
0.67 0.33 0
0.67 0.33 0
0.67 0.33 0
0.67 0.33 0
0.67 0.33 0
0.67 0.33 0
0.67 0.33 0
0.67 0.33 0
0.67 0.33 0
0.67 0.33 0
0.67 0.33 0
0.67 0.33 0
0.67 0.33 0
0.67 0.33 0
0.67 0.33 0
0.67 0.33 0
0.67 0.33 0
0.67 0.33 0
0.67 0.33 0
0.67 0.33 0
0.67 0.33 0
0.67 0.33 0
0.67 0.33 0
0.67 0.33 0
0.67 0.33 0
0.67 0.33 0
0.67 0.33 0
0.67 0.33 0
0.67 0.33 0
0.67 0.33 0
0.67 0.33 0
0.67 0.33 0
0.67 0.33 0
0.67 0.33 0
0.67 0.33 0
0.67 0.33 0
0.67 0.33 0
0.67 0.33 0
0.67 0.33 0
0.67 0.33 0
0.67 0.33 0
0.67 0.33 0
0.67 0.33 0
0.67 0.33 0
0.67 0.33 0
0.67 0.33 0
0.67 0.33 0
0.67 0.33 0
0.67 0.33 0
0.67 0.33 0
0.67 0.33 0
0.67 0.33 0
0.67 0.33 0
0.67 0.33 0
0.67 0.33 0
0.67 0.33 0
0.67 0.33 0
</Weights>
            </BorderPart>
        </Border>
        <Border Name="L_A8dl_L" Red="1" Green="0" Blue="0">
            <BorderPart Closed="True">
                <Vertices>25118 25117 32378
25118 32378 32417
25118 32417 32378
25119 32417 32455
32455 32417 32416
32455 32416 32454
32454 32416 32415
32454 32415 32453
32454 32453 32415
32491 32453 32490
32491 32490 32453
32527 32490 32526
32527 32526 32490
32562 32526 32561
32562 32561 32526
32596 32561 32595
32596 32595 32561
32629 32595 32628
32629 32628 32595
32661 32628 32660
32661 32660 32628
32692 32660 32691
32692 32691 32660
32722 32691 32721
32721 32691 32690
32721 32690 32720
32721 32720 32690
32750 32720 32749
32749 32720 32719
32749 32719 32748
32748 32719 32718
32748 32718 32747
32748 32747 32718
32776 32747 32775
32776 32775 32747
32803 32775 32802
32803 32802 32775
32829 32802 32828
32828 32802 32801
32828 32801 32827
32827 32801 32800
32827 32800 32826
32827 32826 32800
32852 32826 32851
32852 32851 32826
32876 32851 32875
32876 32875 32851
32899 32875 32898
32899 32898 32875
32921 32898 32920
32920 32898 32897
32920 32897 32919
32919 32897 32896
32919 32896 32918
32919 32918 32896
32940 32918 32939
32939 32918 32917
32939 32917 32938
32939 32938 32917
32959 32938 32958
32959 32958 32938
32978 32958 32977
32977 32958 32957
32977 32957 32976
32976 32957 32956
32976 32956 32975
32976 32975 32956
32994 32975 32993
32994 32993 32975
33011 32993 33010
33011 33010 32993
33011 33027 33010
33028 33027 33011
33043 33027 33042
33043 33042 33027
33043 33057 33042
33043 33058 33057
33044 33058 33043
33059 33058 33044
33059 33072 33058
33073 33072 33059
33085 33072 33084
33085 33084 33072
33085 33096 33084
33097 33096 33085
33097 33107 33096
33097 33108 33107
33098 33108 33097
33109 33108 33098
33118 33108 33117
33118 33117 33108
33118 33126 33117
33127 33126 33118
33127 33134 33126
33135 33134 33127
33135 33141 33134
33135 33142 33141
33136 33142 33135
33143 33142 33136
33143 33148 33142
25152 33148 33143
25153 33148 33152
25153 33152 33148
25153 25154 33152
148337 25154 148214
148214 25154 148337
25155 25154 33155
25155 33155 33157
25155 33157 33155
25155 25156 33157
148090 25156 147965
148090 147965 147964
147964 147965 139713
147964 139713 139714
139714 139713 147837
139714 147837 147834
139714 147834 139715
139715 147834 147830
139715 147830 139716
139716 147830 147825
147825 147830 139716
147825 147826 147820
147825 147820 147819
147819 147820 147813
147813 147820 147819
147813 147814 147806
147813 147806 147805
147813 147805 147812
147812 147805 147804
147804 147805 147796
147796 147805 147804
147796 147797 147787
147796 147787 147786
147796 147786 147795
147795 147786 147785
147795 147785 139721
139721 147785 139722
139722 147785 147774
139722 147774 139723
139722 139723 147774
147955 139723 147954
147954 139723 139724
147954 139724 147953
147954 147953 139724
148079 147953 148078
148079 148078 147953
148203 148078 148202
148202 148078 148077
148202 148077 148201
148202 148201 148077
148325 148201 148324
148324 148201 148200
148324 148200 148323
148324 148323 148200
148446 148323 148445
148446 148445 148323
148567 148445 148566
148566 148445 148444
148566 148444 148565
148566 148565 148444
148686 148565 148685
148685 148565 148564
148685 148564 148684
148685 148684 148564
148804 148684 148803
148803 148684 148683
148803 148683 148802
148802 148683 148682
148802 148682 148801
148802 148801 148682
148920 148801 148919
148919 148801 148800
148800 148801 148681
148800 148681 148680
148800 148680 148799
148800 148799 148680
148918 148799 148917
148917 148799 148798
148917 148798 148916
148916 148798 148797
148916 148797 148915
148916 148915 148797
149033 148915 149032
149032 148915 148914
148914 148915 148796
148914 148796 148795
148914 148795 148913
148914 148913 148795
149031 148913 149030
149030 148913 148912
149030 148912 149029
149029 148912 148911
149029 148911 149028
149029 149028 148911
149145 149028 149144
149144 149028 149027
149027 149028 148910
149027 148910 148909
149027 148909 149026
149027 149026 148909
149143 149026 149142
149142 149026 149025
149025 149026 148908
149025 148908 148907
149025 148907 149024
149024 148907 148906
149024 148906 149023
149024 149023 148906
149140 149023 149139
149139 149023 149022
149022 149023 148905
149022 148905 148904
149022 148904 149021
149022 149021 148904
149138 149021 149137
149137 149021 149020
149137 149020 149136
149137 149136 149020
149252 149136 149251
149251 149136 149135
149251 149135 149250
149250 149135 149134
149250 149134 149249
149250 149249 149134
149364 149249 149363
149363 149249 149248
149363 149248 149362
149363 149362 149248
149476 149362 149475
149475 149362 149361
149475 149361 149474
149475 149474 149361
149587 149474 149586
149586 149474 149473
149586 149473 149585
149585 149473 149472
149585 149472 149584
149585 149584 149472
149696 149584 149695
149695 149584 149583
149695 149583 149694
149695 149694 149583
149805 149694 149804
149804 149694 149693
149804 149693 149803
149804 149803 149693
149913 149803 149912
149912 149803 149802
149912 149802 149911
149911 149802 149801
149911 149801 149910
149911 149910 149801
150019 149910 150018
150018 149910 149909
149909 149910 149800
149909 149800 149799
149909 149799 149908
149909 149908 149799
150017 149908 150016
150016 149908 149907
150016 149907 150015
150015 149907 149906
150015 149906 150014
150014 149906 149905
149905 149906 149796
149905 149796 149795
149905 149795 149904
149904 149795 149794
149904 149794 149903
149903 149794 149793
149793 149794 149683
149793 149683 149682
149793 149682 149792
149792 149682 149681
149792 149681 149791
149791 149681 149680
149791 149680 149790
149790 149680 149679
149679 149680 149568
149568 149680 149679
149568 149569 149456
149568 149456 149455
149568 149455 149567
149567 149455 149454
149567 149454 149566
149566 149454 149453
149453 149454 149340
149453 149340 149339
149453 149339 149452
149452 149339 149338
149338 149339 149224
149338 149224 149223
149338 149223 149337
149337 149223 149222
149337 149222 149336
149336 149222 149221
149336 149221 149335
149336 149335 149221
149449 149335 149448
149449 149448 149335
149561 149448 149560
149561 149560 149448
149561 149672 149560
149673 149672 149561
149783 149672 149782
149783 149782 149672
149892 149782 149891
149892 149891 149782
150000 149891 149999
150000 149999 149891
150000 150107 149999
150108 150107 150000
150214 150107 150213
150214 150213 150107
150214 150319 150213
150320 150319 150214
150424 150319 150423
150424 150423 150319
150424 150527 150423
150528 150527 150424
150528 150630 150527
150631 150630 150528
150732 150630 150731
150732 150731 150630
150832 150731 150831
150832 150831 150731
150832 150931 150831
150932 150931 150832
150932 151030 150931
151031 151030 150932
151031 151128 151030
151129 151128 151031
151129 151225 151128
151226 151225 151129
151226 151321 151225
151322 151321 151226
151322 151416 151321
151417 151416 151322
151417 151510 151416
151511 151510 151417
151511 151603 151510
151604 151603 151511
151604 151695 151603
151604 151696 151695
151605 151696 151604
151697 151696 151605
151697 151787 151696
151788 151787 151697
151788 151877 151787
151878 151877 151788
151878 151966 151877
151967 151966 151878
151967 152054 151966
152055 152054 151967
152055 152141 152054
152055 152142 152141
152056 152142 152055
152143 152142 152056
152143 152228 152142
152143 152229 152228
152144 152229 152143
152230 152229 152144
152230 152314 152229
152230 152315 152314
152231 152315 152230
152316 152315 152231
152316 152399 152315
152316 152400 152399
152317 152400 152316
152401 152400 152317
152401 152483 152400
152401 152484 152483
152402 152484 152401
152485 152484 152402
152485 152566 152484
152485 152567 152566
152486 152567 152485
152568 152567 152486
152568 152648 152567
152568 152649 152648
152569 152649 152568
152650 152649 152569
152650 152729 152649
152730 152729 152650
152730 152808 152729
152809 152808 152730
152809 152886 152808
152887 152886 152809
152887 152963 152886
152964 152963 152887
152964 153039 152963
153040 153039 152964
153040 153114 153039
153040 153115 153114
153041 153115 153040
153116 153115 153041
153116 153189 153115
153190 153189 153116
153190 153262 153189
153190 153263 153262
153191 153263 153190
153264 153263 153191
153264 153335 153263
153336 153335 153264
153336 153406 153335
153336 153407 153406
153337 153407 153336
153408 153407 153337
153408 153477 153407
153478 153477 153408
153478 153546 153477
153547 153546 153478
153547 153614 153546
153547 153615 153614
153548 153615 153547
153548 153616 153615
153549 153616 153548
153549 153617 153616
153550 153617 153549
153550 153618 153617
153550 153551 153482
153482 153551 153550
153483 153551 153482
153483 153552 153551
153483 153484 153414
153414 153484 153483
153415 153484 153414
153415 153485 153484
153415 153416 153345
153345 153416 153415
153346 153416 153345
153346 153417 153416
153346 153347 153275
153275 153347 153346
153276 153347 153275
153276 153348 153347
153276 153277 153204
153204 153277 153276
153205 153277 153204
153205 153278 153277
153205 153206 153132
153132 153206 153205
153133 153206 153132
153133 153207 153206
153133 153134 153059
153059 153134 153133
153060 153134 153059
153060 153135 153134
153060 153061 152985
152985 153061 153060
152985 152986 152909
152909 152986 152985
152909 152910 152832
152832 152910 152909
152832 152833 152754
152754 152833 152832
152755 152833 152754
152755 152834 152833
152756 152834 152755
152756 152835 152834
152756 152757 152677
152677 152757 152756
152677 152678 152597
152597 152678 152677
152598 152678 152597
152598 152679 152678
152598 152599 152517
152517 152599 152598
152518 152599 152517
152518 152600 152599
152518 152519 152436
152436 152519 152518
152436 152437 152353
152353 152437 152436
152353 152354 152269
152269 152354 152353
152270 152354 152269
152270 25115 152354
152270 25116 152185
152185 25116 152270
152185 25117 152099
152099 25117 152185
</Vertices>
                <Weights>0.67 0.33 0
0.67 0.33 0
0.67 0.33 0
0.67 0.33 0
0.67 0.33 0
0.67 0.33 0
0.67 0.33 0
0.67 0.33 0
0.67 0.33 0
0.67 0.33 0
0.67 0.33 0
0.67 0.33 0
0.67 0.33 0
0.67 0.33 0
0.67 0.33 0
0.67 0.33 0
0.67 0.33 0
0.67 0.33 0
0.67 0.33 0
0.67 0.33 0
0.67 0.33 0
0.67 0.33 0
0.67 0.33 0
0.67 0.33 0
0.67 0.33 0
0.67 0.33 0
0.67 0.33 0
0.67 0.33 0
0.67 0.33 0
0.67 0.33 0
0.67 0.33 0
0.67 0.33 0
0.67 0.33 0
0.67 0.33 0
0.67 0.33 0
0.67 0.33 0
0.67 0.33 0
0.67 0.33 0
0.67 0.33 0
0.67 0.33 0
0.67 0.33 0
0.67 0.33 0
0.67 0.33 0
0.67 0.33 0
0.67 0.33 0
0.67 0.33 0
0.67 0.33 0
0.67 0.33 0
0.67 0.33 0
0.67 0.33 0
0.67 0.33 0
0.67 0.33 0
0.67 0.33 0
0.67 0.33 0
0.67 0.33 0
0.67 0.33 0
0.67 0.33 0
0.67 0.33 0
0.67 0.33 0
0.67 0.33 0
0.67 0.33 0
0.67 0.33 0
0.67 0.33 0
0.67 0.33 0
0.67 0.33 0
0.67 0.33 0
0.67 0.33 0
0.67 0.33 0
0.67 0.33 0
0.67 0.33 0
0.67 0.33 0
0.67 0.33 0
0.67 0.33 0
0.67 0.33 0
0.67 0.33 0
0.67 0.33 0
0.67 0.33 0
0.67 0.33 0
0.67 0.33 0
0.67 0.33 0
0.67 0.33 0
0.67 0.33 0
0.67 0.33 0
0.67 0.33 0
0.67 0.33 0
0.67 0.33 0
0.67 0.33 0
0.67 0.33 0
0.67 0.33 0
0.67 0.33 0
0.67 0.33 0
0.67 0.33 0
0.67 0.33 0
0.67 0.33 0
0.67 0.33 0
0.67 0.33 0
0.67 0.33 0
0.67 0.33 0
0.67 0.33 0
0.67 0.33 0
0.67 0.33 0
0.67 0.33 0
0.67 0.33 0
0.67 0.33 0
0.67 0.33 0
0.67 0.33 0
0.67 0.33 0
0.67 0.33 0
0.67 0.33 0
0.67 0.33 0
0.67 0.33 0
0.67 0.33 0
0.67 0.33 0
0.67 0.33 0
0.67 0.33 0
0.67 0.33 0
0.67 0.33 0
0.67 0.33 0
0.67 0.33 0
0.67 0.33 0
0.67 0.33 0
0.67 0.33 0
0.67 0.33 0
0.67 0.33 0
0.67 0.33 0
0.67 0.33 0
0.67 0.33 0
0.67 0.33 0
0.67 0.33 0
0.67 0.33 0
0.67 0.33 0
0.67 0.33 0
0.67 0.33 0
0.67 0.33 0
0.67 0.33 0
0.67 0.33 0
0.67 0.33 0
0.67 0.33 0
0.67 0.33 0
0.67 0.33 0
0.67 0.33 0
0.67 0.33 0
0.67 0.33 0
0.67 0.33 0
0.67 0.33 0
0.67 0.33 0
0.67 0.33 0
0.67 0.33 0
0.67 0.33 0
0.67 0.33 0
0.67 0.33 0
0.67 0.33 0
0.67 0.33 0
0.67 0.33 0
0.67 0.33 0
0.67 0.33 0
0.67 0.33 0
0.67 0.33 0
0.67 0.33 0
0.67 0.33 0
0.67 0.33 0
0.67 0.33 0
0.67 0.33 0
0.67 0.33 0
0.67 0.33 0
0.67 0.33 0
0.67 0.33 0
0.67 0.33 0
0.67 0.33 0
0.67 0.33 0
0.67 0.33 0
0.67 0.33 0
0.67 0.33 0
0.67 0.33 0
0.67 0.33 0
0.67 0.33 0
0.67 0.33 0
0.67 0.33 0
0.67 0.33 0
0.67 0.33 0
0.67 0.33 0
0.67 0.33 0
0.67 0.33 0
0.67 0.33 0
0.67 0.33 0
0.67 0.33 0
0.67 0.33 0
0.67 0.33 0
0.67 0.33 0
0.67 0.33 0
0.67 0.33 0
0.67 0.33 0
0.67 0.33 0
0.67 0.33 0
0.67 0.33 0
0.67 0.33 0
0.67 0.33 0
0.67 0.33 0
0.67 0.33 0
0.67 0.33 0
0.67 0.33 0
0.67 0.33 0
0.67 0.33 0
0.67 0.33 0
0.67 0.33 0
0.67 0.33 0
0.67 0.33 0
0.67 0.33 0
0.67 0.33 0
0.67 0.33 0
0.67 0.33 0
0.67 0.33 0
0.67 0.33 0
0.67 0.33 0
0.67 0.33 0
0.67 0.33 0
0.67 0.33 0
0.67 0.33 0
0.67 0.33 0
0.67 0.33 0
0.67 0.33 0
0.67 0.33 0
0.67 0.33 0
0.67 0.33 0
0.67 0.33 0
0.67 0.33 0
0.67 0.33 0
0.67 0.33 0
0.67 0.33 0
0.67 0.33 0
0.67 0.33 0
0.67 0.33 0
0.67 0.33 0
0.67 0.33 0
0.67 0.33 0
0.67 0.33 0
0.67 0.33 0
0.67 0.33 0
0.67 0.33 0
0.67 0.33 0
0.67 0.33 0
0.67 0.33 0
0.67 0.33 0
0.67 0.33 0
0.67 0.33 0
0.67 0.33 0
0.67 0.33 0
0.67 0.33 0
0.67 0.33 0
0.67 0.33 0
0.67 0.33 0
0.67 0.33 0
0.67 0.33 0
0.67 0.33 0
0.67 0.33 0
0.67 0.33 0
0.67 0.33 0
0.67 0.33 0
0.67 0.33 0
0.67 0.33 0
0.67 0.33 0
0.67 0.33 0
0.67 0.33 0
0.67 0.33 0
0.67 0.33 0
0.67 0.33 0
0.67 0.33 0
0.67 0.33 0
0.67 0.33 0
0.67 0.33 0
0.67 0.33 0
0.67 0.33 0
0.67 0.33 0
0.67 0.33 0
0.67 0.33 0
0.67 0.33 0
0.67 0.33 0
0.67 0.33 0
0.67 0.33 0
0.67 0.33 0
0.67 0.33 0
0.67 0.33 0
0.67 0.33 0
0.67 0.33 0
0.67 0.33 0
0.67 0.33 0
0.67 0.33 0
0.67 0.33 0
0.67 0.33 0
0.67 0.33 0
0.67 0.33 0
0.67 0.33 0
0.67 0.33 0
0.67 0.33 0
0.67 0.33 0
0.67 0.33 0
0.67 0.33 0
0.67 0.33 0
0.67 0.33 0
0.67 0.33 0
0.67 0.33 0
0.67 0.33 0
0.67 0.33 0
0.67 0.33 0
0.67 0.33 0
0.67 0.33 0
0.67 0.33 0
0.67 0.33 0
0.67 0.33 0
0.67 0.33 0
0.67 0.33 0
0.67 0.33 0
0.67 0.33 0
0.67 0.33 0
0.67 0.33 0
0.67 0.33 0
0.67 0.33 0
0.67 0.33 0
0.67 0.33 0
0.67 0.33 0
0.67 0.33 0
0.67 0.33 0
0.67 0.33 0
0.67 0.33 0
0.67 0.33 0
0.67 0.33 0
0.67 0.33 0
0.67 0.33 0
0.67 0.33 0
0.67 0.33 0
0.67 0.33 0
0.67 0.33 0
0.67 0.33 0
0.67 0.33 0
0.67 0.33 0
0.67 0.33 0
0.67 0.33 0
0.67 0.33 0
0.67 0.33 0
0.67 0.33 0
0.67 0.33 0
0.67 0.33 0
0.67 0.33 0
0.67 0.33 0
0.67 0.33 0
0.67 0.33 0
0.67 0.33 0
0.67 0.33 0
0.67 0.33 0
0.67 0.33 0
0.67 0.33 0
0.67 0.33 0
0.67 0.33 0
0.67 0.33 0
0.67 0.33 0
0.67 0.33 0
0.67 0.33 0
0.67 0.33 0
0.67 0.33 0
0.67 0.33 0
0.67 0.33 0
0.67 0.33 0
0.67 0.33 0
0.67 0.33 0
0.67 0.33 0
0.67 0.33 0
0.67 0.33 0
0.67 0.33 0
0.67 0.33 0
0.67 0.33 0
0.67 0.33 0
0.67 0.33 0
0.67 0.33 0
0.67 0.33 0
0.67 0.33 0
0.67 0.33 0
0.67 0.33 0
0.67 0.33 0
0.67 0.33 0
0.67 0.33 0
0.67 0.33 0
0.67 0.33 0
0.67 0.33 0
0.67 0.33 0
0.67 0.33 0
0.67 0.33 0
0.67 0.33 0
0.67 0.33 0
0.67 0.33 0
0.67 0.33 0
0.67 0.33 0
0.67 0.33 0
0.67 0.33 0
0.67 0.33 0
0.67 0.33 0
0.67 0.33 0
0.67 0.33 0
0.67 0.33 0
0.67 0.33 0
0.67 0.33 0
0.67 0.33 0
0.67 0.33 0
0.67 0.33 0
0.67 0.33 0
0.67 0.33 0
0.67 0.33 0
0.67 0.33 0
0.67 0.33 0
0.67 0.33 0
0.67 0.33 0
0.67 0.33 0
0.67 0.33 0
0.67 0.33 0
0.67 0.33 0
0.67 0.33 0
0.67 0.33 0
0.67 0.33 0
0.67 0.33 0
0.67 0.33 0
0.67 0.33 0
0.67 0.33 0
0.67 0.33 0
0.67 0.33 0
0.67 0.33 0
0.67 0.33 0
0.67 0.33 0
0.67 0.33 0
0.67 0.33 0
0.67 0.33 0
0.67 0.33 0
0.67 0.33 0
0.67 0.33 0
0.67 0.33 0
0.67 0.33 0
0.67 0.33 0
0.67 0.33 0
0.67 0.33 0
0.67 0.33 0
0.67 0.33 0
0.67 0.33 0
0.67 0.33 0
0.67 0.33 0
0.67 0.33 0
0.67 0.33 0
0.67 0.33 0
0.67 0.33 0
0.67 0.33 0
0.67 0.33 0
0.67 0.33 0
0.67 0.33 0
0.67 0.33 0
0.67 0.33 0
0.67 0.33 0
0.67 0.33 0
0.67 0.33 0
0.67 0.33 0
0.67 0.33 0
0.67 0.33 0
0.67 0.33 0
0.67 0.33 0
0.67 0.33 0
0.67 0.33 0
0.67 0.33 0
0.67 0.33 0
0.67 0.33 0
0.67 0.33 0
0.67 0.33 0
0.67 0.33 0
0.67 0.33 0
0.67 0.33 0
0.67 0.33 0
0.67 0.33 0
0.67 0.33 0
0.67 0.33 0
0.67 0.33 0
0.67 0.33 0
0.67 0.33 0
0.67 0.33 0
0.67 0.33 0
0.67 0.33 0
0.67 0.33 0
0.67 0.33 0
</Weights>
            </BorderPart>
        </Border>
        <Border Name="L_A9l_L" Red="1" Green="0.482353" Blue="0.862745">
            <BorderPart Closed="True">
                <Vertices>139723 139722 147774
147774 139722 139723
147785 139722 147774
147785 139721 139722
147785 147795 139721
147786 147795 147785
147786 147796 147795
147787 147796 147786
147787 147797 147796
147787 147788 147777
147777 147788 147787
147778 147788 147777
147778 147789 147788
147778 147779 147767
147767 147779 147778
147767 147768 147755
147755 147768 147767
147755 147756 147742
147755 147742 147741
147741 147742 147727
147727 147742 147741
147727 147728 147712
147727 147712 147711
147711 147712 147695
147695 147712 147711
147695 147696 147678
147678 147696 147695
147678 147679 147660
147678 147660 147659
147659 147660 147640
147640 147660 147659
147640 147641 147620
147640 147620 147619
147619 147620 147598
147598 147620 147619
147598 147599 147576
147598 147576 147575
147575 147576 147552
147552 147576 147575
147552 147553 147528
147552 147528 147527
147552 147527 147551
147551 147527 147526
147526 147527 147501
147501 147527 147526
147501 147502 147475
147501 147475 147474
147501 147474 147500
147500 147474 147473
147473 147474 147446
147473 147446 147445
147445 147446 147417
147445 147417 147416
147416 147417 147387
147416 147387 147386
147386 147387 147356
147386 147356 147355
147355 147356 147324
147355 147324 147323
147323 147324 147291
147291 147324 147323
147291 147292 147258
147291 147258 147257
147291 147257 147290
147290 147257 147256
147256 147257 147222
147222 147257 147256
147222 147223 147187
147222 147187 147186
147186 147187 147150
147186 147150 147149
147149 147150 147112
147149 147112 147111
147111 147112 147073
147111 147073 147072
147072 147073 147033
147072 147033 147032
147072 147032 147071
147071 147032 147031
147031 147032 146991
146991 147032 147031
146991 146992 146950
146991 146950 146949
146949 146950 146907
146907 146950 146949
146907 146908 146864
146907 146864 146863
146863 146864 146819
146863 146819 146818
146818 146819 146773
146773 146819 146818
146773 146774 146727
146773 146727 146726
146726 146727 146679
146679 146727 146726
146679 146680 146631
146631 146680 146679
146631 146632 146582
146631 146582 146581
146581 146582 146531
146531 146582 146581
146531 146532 146480
146480 146532 146531
146480 146481 146428
146480 146428 146427
146427 146428 146374
146374 146428 146427
146374 146375 146320
146320 146375 146374
146320 146321 146265
146320 146265 146264
146264 146265 146208
146264 146208 146207
146207 146208 146150
146150 146208 146207
146150 146151 146092
146150 146092 146091
146150 146091 146149
146149 146091 146090
146090 146091 146031
146090 146031 146030
146030 146031 145970
146030 145970 145969
145969 145970 145908
145969 145908 145907
145907 145908 145845
145845 145908 145907
145845 145846 145782
145845 145782 145781
145845 145781 145844
145844 145781 145780
145780 145781 145716
145716 145781 145780
145716 145717 145651
145651 145717 145716
145651 145652 145585
145651 145585 145584
145584 145585 145517
145517 145585 145584
145517 145518 145449
145517 145449 145448
145448 145449 145379
145448 145379 145378
145378 145379 145308
145308 145379 145378
145308 145309 145237
145237 145309 145308
145237 145238 145165
145237 145165 145164
145164 145165 145091
145091 145165 145164
145092 145165 145091
145092 145166 145165
145092 145093 145018
145092 145018 145017
145017 145018 144942
144942 145018 145017
144943 145018 144942
144943 145019 145018
144943 144944 144867
144867 144944 144943
144868 144944 144867
144868 144945 144944
144868 144869 144791
144868 144791 144790
144790 144791 144712
144712 144791 144790
144712 144713 144633
144712 144633 144632
144632 144633 144552
144632 144552 144551
144551 144552 144470
144551 144470 144469
144551 144469 144550
144550 144469 144468
144468 144469 144386
144468 144386 144385
144385 144386 144302
144385 144302 144301
144385 144301 144384
144384 144301 144300
144300 144301 144216
144300 144216 144215
144215 144216 144130
144215 144130 144129
144215 144129 144214
144214 144129 144128
144128 144129 144042
144042 144129 144128
144042 144043 143955
144042 143955 143954
144042 143954 144041
144041 143954 143953
143953 143954 143865
143865 143954 143953
143865 143866 143776
143865 143776 143775
143865 143775 143864
143864 143775 143774
143774 143775 143684
143684 143775 143774
143684 143685 143593
143684 143593 143592
143684 143592 143683
143683 143592 143591
143591 143592 143499
143591 143499 143498
143498 143499 143405
143405 143499 143498
143405 143406 143311
143405 143311 143310
143310 143311 143215
143310 143215 143214
143214 143215 143118
143214 143118 143117
143117 143118 143020
143117 143020 143019
143019 143020 142921
143019 142921 142920
142920 142921 142821
142920 142821 142820
142920 142820 142919
142919 142820 142819
142819 142820 142719
142819 142719 142718
142718 142719 142617
142718 142617 142616
142718 142616 142717
142717 142616 142615
142615 142616 142513
142615 142513 142512
142615 142512 142614
142614 142512 142511
142511 142512 142408
142511 142408 142407
142511 142407 142510
142510 142407 142406
142406 142407 142302
142406 142302 142301
142406 142301 142405
142405 142301 142300
142300 142301 142195
142300 142195 142194
142300 142194 142299
142299 142194 142193
142193 142194 142087
142193 142087 142086
142193 142086 142192
142192 142086 142085
142192 142085 142191
142192 142191 142085
142297 142191 142296
142297 142296 142191
142401 142296 142400
142401 142400 142296
142504 142400 142503
142504 142503 142400
142504 142606 142503
142607 142606 142504
142708 142606 142707
142708 142707 142606
142808 142707 142807
142808 142807 142707
142808 142907 142807
142908 142907 142808
143006 142907 143005
143006 143005 142907
143103 143005 143102
143102 143005 143004
143102 143004 143101
143102 143101 143004
143102 143198 143101
143199 143198 143102
143294 143198 143293
143294 143293 143198
143294 143388 143293
143389 143388 143294
143482 143388 143481
143482 143481 143388
143574 143481 143573
143574 143573 143481
143574 143665 143573
143666 143665 143574
143756 143665 143755
143755 143665 143664
143755 143664 143754
143755 143754 143664
143844 143754 143843
143844 143843 143754
143844 143932 143843
143933 143932 143844
143933 144020 143932
144021 144020 143933
144021 144107 144020
144108 144107 144021
144193 144107 144192
144193 144192 144107
144193 144277 144192
144278 144277 144193
144278 144361 144277
144362 144361 144278
144444 144361 144443
144444 144443 144361
144525 144443 144524
144525 144524 144443
144605 144524 144604
144605 144604 144524
144684 144604 144683
144683 144604 144603
144683 144603 144682
144683 144682 144603
144683 144761 144682
144762 144761 144683
144839 144761 144838
144839 144838 144761
144915 144838 144914
144915 144914 144838
144990 144914 139787
144990 139787 144914
139786 139787 144990
139786 147891 139787
139786 147892 147891
139785 147892 139786
147893 147892 139785
147893 148018 147892
148019 148018 147893
148019 148143 148018
148144 148143 148019
148144 148267 148143
148268 148267 148144
148268 148390 148267
148391 148390 148268
148512 148390 148511
148512 148511 148390
148512 148632 148511
148633 148632 148512
148633 148752 148632
148753 148752 148633
148753 148871 148752
148753 148872 148871
148754 148872 148753
148873 148872 148754
148990 148872 148989
148990 148989 148872
148990 149106 148989
149107 149106 148990
149107 149222 149106
149223 149222 149107
149223 149337 149222
149223 149338 149337
149224 149338 149223
149339 149338 149224
149339 149452 149338
149339 149453 149452
149340 149453 149339
149454 149453 149340
149454 149566 149453
149454 149567 149566
149455 149567 149454
149455 149568 149567
149456 149568 149455
149569 149568 149456
149680 149568 149679
149680 149679 149568
149680 149790 149679
149680 149791 149790
149681 149791 149680
149681 149792 149791
149682 149792 149681
149682 149793 149792
149683 149793 149682
149794 149793 149683
149794 149903 149793
149794 149904 149903
149795 149904 149794
149795 149905 149904
149796 149905 149795
149906 149905 149796
149906 150014 149905
149906 150015 150014
149907 150015 149906
149907 150016 150015
149908 150016 149907
149908 150017 150016
149908 149909 149799
149799 149909 149908
149800 149909 149799
149910 149909 149800
149910 150018 149909
149910 150019 150018
149910 149911 149801
149801 149911 149910
149802 149911 149801
149802 149912 149911
149803 149912 149802
149803 149913 149912
149803 149804 149693
149693 149804 149803
149694 149804 149693
149694 149805 149804
149694 149695 149583
149583 149695 149694
149584 149695 149583
149584 149696 149695
149584 149585 149472
149472 149585 149584
149473 149585 149472
149473 149586 149585
149474 149586 149473
149474 149587 149586
149474 149475 149361
149361 149475 149474
149362 149475 149361
149362 149476 149475
149362 149363 149248
149248 149363 149362
149249 149363 149248
149249 149364 149363
149249 149250 149134
149134 149250 149249
149135 149250 149134
149135 149251 149250
149136 149251 149135
149136 149252 149251
149136 149137 149020
149020 149137 149136
149021 149137 149020
149021 149138 149137
149021 149022 148904
148904 149022 149021
148905 149022 148904
149023 149022 148905
149023 149139 149022
149023 149140 149139
149023 149024 148906
148906 149024 149023
148907 149024 148906
148907 149025 149024
148908 149025 148907
149026 149025 148908
149026 149142 149025
149026 149143 149142
149026 149027 148909
148909 149027 149026
148910 149027 148909
149028 149027 148910
149028 149144 149027
149028 149145 149144
149028 149029 148911
148911 149029 149028
148912 149029 148911
148912 149030 149029
148913 149030 148912
148913 149031 149030
148913 148914 148795
148795 148914 148913
148796 148914 148795
148915 148914 148796
148915 149032 148914
148915 149033 149032
148915 148916 148797
148797 148916 148915
148798 148916 148797
148798 148917 148916
148799 148917 148798
148799 148918 148917
148799 148800 148680
148680 148800 148799
148681 148800 148680
148801 148800 148681
